01923
08496
02186
00283
07907
01933
03582
02344
03579
02241
03096
02027
03046
05528
06242
02650
04276
04801
05095
00598
06983
08662
08871
00947
07158
08383
04763
05951
05524
00915
06910
08320
03183
05512
03344
06890
03640
05629
00558
04204
00417
07049
02745
07080
01044
00977
08763
05877
03897
07236
00099
03944
01092
04034
07621
07993
05025
08610
07311
05005
00648
05117
03919
07863
06832
07377
08780
08645
04581
06439
00895
07571
05132
03369
07794
03064
04464
07580
05341
08218
06212
01508
01793
03651
05156
08713
04679
05797
03440
04004
03254
05434
04058
02695
00699
03005
07291
06879
07850
08865
02514
04071
07239
04509
03323
07003
08609
03595
04085
08595
03362
04101
07324
01549
03221
06894
02481
04589
04678
01494
03121
01131
06655
04084
07232
08356
03882
04474
04914
06170
05508
05584
07248
00852
03676
03995
01003
07558
05568
05380
06984
07034
04667
01163
06177
03411
04467
05007
01748
05592
00241
03896
04566
08042
05500
06991
08134
03057
04574
07681
06165
00658
04376
08432
04302
07915
01973
01349
03928
04478
02619
05390
06083
00835
08326
08538
00524
07002
00309
04357
00288
05144
03211
01799
08374
08858
03128
02176
03332
05754
08605
03713
00927
04132
07060
08226
00311
02197
00691
05143
04003
08991
07821
02041
08503
06406
07943
03199
02240
08983
03300
02370
06344
03834
05567
02220
08238
01500
02108
04604
02093
02360
03139
04877
06018
06824
00576
01399
06318
06622
08120
08140
01818
08461
01257
02825
03289
03049
05939
08632
01970
08628
00332
02943
03535
03748
05440
01325
04852
08240
06103
00501
04684
05292
07656
08229
06749
00275
03138
00980
02490
01432
00017
04595
06361
00484
02677
00322
06538
01572
03217
06028
04895
00579
01673
04336
05361
04191
02540
06444
02484
03193
06465
01634
06405
00875
00346
02172
00824
03926
04502
06023
06615
07129
01403
02572
00347
00737
07552
01912
07414
05743
01081
06379
02252
06751
04702
02528
04700
00776
06747
06742
04884
08987
05420
04892
00327
01421
06718
07371
00154
08529
01614
02888
06210
01212
08891
06299
07877
05235
06257
02119
08510
04724
06805
03915
01824
06680
08568
01263
00439
02011
06440
02843
00376
02877
04182
06238
08995
04660
05636
00124
03823
00399
04838
08908
04716
03110
04706
08262
08305
07581
00284
06858
01694
06806
03599
06217
05982
05874
05169
07053
02569
07500
03548
06416
03894
02592
02634
00747
06434
03865
02733
06624
01867
03867
05799
06656
03253
04151
01332
03641
06481
01810
01472
06239
03207
03319
07623
05094
00446
01074
00570
00152
02313
07644
03191
01417
07550
05284
08081
03504
00007
01328
07429
00965
02596
00974
03907
00053
06869
06421
05646
03749
02712
07796
00492
08274
05983
06973
08471
06782
06591
01765
07086
04000
01663
01244
07004
02110
08909
05850
06249
01204
02894
03992
04473
08894
01073
01647
03507
08652
03496
03015
05283
06536
07462
06391
04452
02606
02472
04190
04831
00453
07317
07270
05129
06842
08063
05444
00220
02880
01707
03294
04068
05164
02369
05327
02682
03066
01107
03764
08924
03580
07575
06399
04865
08581
07779
03657
04726
04542
01347
06763
00473
08150
08737
04066
06190
04766
04275
08039
07446
02312
05404
04082
00803
00276
08381
06201
02098
08872
08625
08272
02076
06856
08420
02598
07183
01179
06487
05318
07400
08929
05612
01517
08978
03778
02560
02116
01386
01287
08718
01736
05314
05981
02697
03435
00335
06452
06595
03449
05992
01461
02721
01456
06046
08431
02616
07887
08469
08014
03202
00253
04885
00052
03940
03674
06532
08525
05989
06661
04705
03885
02623
03166
03529
01398
04897
05651
06166
08665
04524
05070
03620
01520
06408
02156
06122
08905
05056
07990
03299
02293
06545
03012
06583
00343
08935
06629
08324
04342
03956
07279
08015
02217
06787
07759
04929
06800
02021
02912
02287
06570
06818
06435
01924
07569
05357
07841
03607
04118
02951
05815
06329
06336
04755
06940
02428
04737
04526
00616
02593
00859
03537
03951
00969
06323
02422
08700
02578
01218
08838
01411
04455
00246
02939
02315
04024
06784
01258
01470
04803
05145
00041
08051
00865
08563
08982
04769
07330
06926
00995
05858
07553
01842
02028
04622
03445
06200
03104
08932
04873
06502
01430
04818
06095
08386
00752
02060
08506
06360
00029
00781
05925
00192
05791
04768
02054
03018
02567
08339
01693
01193
07044
06682
03660
02043
01220
06569
01290
04014
06541
08961
06058
01711
01298
00128
00617
04295
05753
07830
08947
00647
08276
00459
03804
04572
00264
04159
02277
01769
05397
00102
06366
06251
07994
02372
05340
08831
01106
07273
05020
03796
08352
05450
08649
04661
07256
00289
08843
03490
00087
05838
08580
01625
04212
02730
04229
03782
06387
00169
08475
08637
06478
04064
03112
04345
07721
03182
06506
06437
03145
02810
02111
05179
02311
06921
08163
04863
06342
06397
06445
06715
06430
05776
06106
06462
00021
02781
08448
00025
01809
00085
07936
04177
03379
05505
04236
07189
02055
07711
02637
02773
06684
08741
01879
04303
03098
03955
04314
02113
03976
05771
08861
03870
00690
01519
02807
08307
03377
06340
05578
01246
00650
00444
06654
06428
03801
06544
03037
00122
01333
03172
01122
05289
05645
06306
08113
06346
02417
02384
02611
07466
08874
01830
05059
06988
06269
01996
08727
08776
02794
06482
06339
00039
08938
04980
01042
01584
05279
06957
04555
03195
02767
03333
06603
01589
00749
05096
06938
03797
08656
01206
07695
04773
03441
00383
08295
08411
05165
04226
05061
03241
06407
00633
06113
07302
04008
07685
03893
06496
00215
07346
07246
08951
03142
03687
07536
03872
01010
07374
02882
01689
06142
04242
00758
05277
00108
07313
05210
07114
05804
04808
03196
05502
06612
00720
05611
02571
05077
05322
01100
01676
00224
07308
02562
03757
08572
02864
07914
06384
04699
06179
03302
01147
01838
05264
04999
08533
00096
00945
00533
03036
00035
08869
07130
08897
08931
08169
00333
04695
06771
01191
08451
06676
00084
05934
02246
04143
08980
03538
00400
08899
03952
02095
00088
08194
06961
04641
07751
01630
08270
03365
03375
03401
06227
07814
03133
02685
08594
06158
04827
05212
01991
08230
02866
06833
01443
05650
02855
01350
03190
02286
07619
02681
01277
06454
03477
00649
01324
04626
08746
05962
06319
00797
07069
02793
01849
03785
01841
02291
08094
06497
08953
08175
08053
06884
00471
07748
07321
00214
04339
02965
08293
04688
03884
06005
05599
08095
08683
06026
08936
06604
08490
04729
08768
06741
02386
01860
00701
07078
07071
01917
05182
00625
02136
06420
00849
05879
02070
07822
05937
00772
02709
01803
02385
08588
03065
03017
07303
00050
02267
08681
00820
02840
06252
01104
04868
02420
06156
04243
08327
08955
01505
06418
08146
05941
00268
00441
05956
05281
07428
08258
04346
06197
00730
00871
03087
03016
05884
08781
01814
05386
08785
08699
08105
05372
00159
08682
06853
07185
01145
05748
06315
07930
04985
06770
07844
04453
00149
01536
04094
01679
01412
08827
07889
00848
04144
00908
01866
02274
04232
06748
03973
02839
06969
05585
03478
03436
08439
03874
04290
07057
04534
05232
08362
07661
06789
02964
03035
08707
00511
02791
06029
01219
01734
05352
00046
08319
06302
02215
00161
00481
04490
07260
02458
01559
02577
00997
03718
06293
00686
01392
06891
06753
03132
06178
04439
07631
06870
05694
04114
03712
03314
03371
07956
04854
04665
08301
02503
08771
05017
03188
05299
02998
07755
03863
03828
02325
02431
01376
05514
08344
04356
00748
01889
07754
02259
04795
06098
00924
02046
02582
07231
04992
06124
01379
04826
07736
02862
08778
08634
01894
04192
02362
00452
07139
01484
03009
02471
01915
06280
06168
08875
07984
02631
08626
01960
01950
02499
07627
00001
01878
00210
07435
04813
03311
05163
00177
01215
02022
04866
04175
02789
07160
00269
07389
05138
08465
08275
04548
01982
06312
01125
08836
05316
03760
04635
02019
08684
05534
08115
03327
01055
02005
03554
00683
07763
05401
02680
01114
03847
06076
03761
08123
00787
07073
00129
08501
03187
06457
07629
06175
08576
03484
05631
02927
00139
04655
05195
04562
04134
05044
00698
01487
00442
00696
00235
08904
02328
05610
07827
02423
04122
04028
07883
04492
02997
03476
02900
02169
02772
04221
04246
03439
06816
04207
01595
08751
02497
08832
06633
04042
00832
00401
07100
04469
08023
08209
03875
02247
08433
02599
05287
01859
00364
01498
02238
04079
05488
07473
03219
07599
02412
06102
02691
02785
02542
07968
07620
02971
05696
00678
03592
03354
01965
02185
08438
06424
01847
03665
01020
06708
08143
03830
02686
00057
00244
03970
03382
08930
00467
03841
04322
08801
02303
00337
07548
07041
01558
08041
04072
08918
04373
00962
07113
05040
08323
08052
03583
06118
06143
02655
05431
06308
08288
07684
00959
01906
05245
03451
00562
01451
03113
03107
07691
01942
03656
05080
05700
08224
01681
05726
00461
04425
07613
06992
07724
01856
05653
01871
04487
01172
03513
06286
07036
01170
02265
03630
02774
04620
01658
08766
08670
04513
03741
00222
01591
02705
05184
02625
03655
07215
07434
07156
08408
00162
06343
06873
02617
00862
08988
06843
06216
03732
02861
07508
01462
02034
06074
02128
00165
07376
02213
04098
00629
05428
02154
07799
06847
08467
01374
06148
02341
07811
08769
05736
07868
02467
02845
07789
05162
03356
07847
08481
08803
07778
00083
07031
01890
05793
06700
08337
05917
08537
05229
00994
04617
08570
01223
07563
07450
07564
07289
06867
08464
07364
04851
01079
03556
01199
00428
07310
03791
08378
06936
02180
02996
02432
01164
03754
02050
03039
01828
00026
07872
04596
04986
04546
06223
00115
03443
07055
05816
03740
05613
01800
02329
01692
05556
03625
02174
06575
07951
08299
02445
03255
03697
03958
05365
05847
00201
01447
00560
00075
01646
04776
03692
06993
03575
01127
01255
08773
04528
06069
08321
08162
06144
00202
01356
02948
06617
04110
07177
05018
03189
02401
05433
05034
03675
08121
00602
04286
01790
03733
05722
05522
00736
01434
00278
03634
08110
07059
08574
04030
01159
06022
05118
07267
07701
02770
07046
04384
01862
01422
04656
04421
00861
05635
03667
00522
02559
04904
00718
07016
05527
05517
08075
05477
07971
07753
05608
03918
03903
03616
06048
06670
00117
00671
07527
02808
03787
05705
03097
00872
02629
04334
01033
05053
08527
03210
04694
07456
04387
02163
05482
03364
00693
06213
07574
08762
01834
06568
07750
06051
07497
03352
03920
00815
03774
05130
03420
04947
04606
07869
00779
07803
03977
01596
05947
03317
00127
05363
06596
02239
01364
03086
07458
04279
08565
01037
04516
06658
07632
02561
03822
02541
06616
05057
01216
03080
06307
05820
04442
07683
06031
06576
05468
04484
06279
00300
00259
07538
00645
08399
05922
06808
01654
04281
07074
06215
05609
08667
07284
02194
05596
07148
06425
03815
07030
05622
04511
02741
03223
01124
07648
06744
06274
02666
04950
08876
00404
03965
08624
06180
03001
04786
01227
04541
00230
00715
07384
03543
07154
06651
05194
04397
04804
05243
05220
06653
08523
07741
01530
05930
00499
05796
03603
04495
08530
07597
07677
02167
04074
01951
07703
04234
03989
06679
04508
02434
04337
06221
04558
00371
03272
00328
02525
04899
06759
07496
05887
01433
07878
06677
07952
00956
08446
02300
00608
02812
05470
00205
08342
04811
04861
05359
01702
00385
00375
01493
04113
04970
06086
08154
01637
06036
01975
04011
08511
06812
02132
01264
04951
00036
07387
04878
06605
07998
04287
05415
01657
03398
06332
06769
04406
07134
03227
01885
05590
04296
00613
02115
08695
06620
07254
07417
02743
00543
00764
08926
05972
06695
01644
06872
02024
05697
05459
00319
07606
00455
07015
07442
07503
01467
00440
07072
06552
01387
08076
07932
07935
07797
03914
07096
07354
00970
06042
08104
01346
05215
00673
07110
00074
05078
04536
07650
04543
04681
07898
07339
06556
07037
02224
07025
01453
04138
04912
04285
07712
03682
01698
07922
03966
00987
00652
06564
01337
05978
06724
08079
07942
03700
05725
04905
05664
02991
04423
01593
04355
01674
04671
05458
03467
05813
05497
08848
02124
00893
08917
00054
04201
04222
03578
06844
04650
08468
00778
01653
08820
07169
04682
04961
01320
00295
01085
03041
00868
03347
07893
00521
07176
07483
00860
07035
05916
04061
01770
03494
04018
07288
01521
04883
03331
08003
05668
04988
01805
03848
03342
01817
00663
08336
06663
00421
06913
05422
02461
04324
06002
02404
08300
01977
06205
02595
00674
02865
03115
07403
01429
04269
05120
02449
08341
07718
08732
00352
00884
08971
03372
04405
05708
08502
03428
06045
03708
05883
05769
05435
06220
01825
04741
04532
05985
04180
08441
06827
08424
07385
02468
03460
03948
04963
04289
08661
06597
00605
03621
04946
02175
06194
08777
05533
01773
04849
04076
04247
05396
03511
05986
01485
04156
06202
05218
08368
02832
04573
01602
02117
01685
07587
06963
07386
06174
03209
03835
04820
06003
08701
06558
08440
04547
01315
04670
06510
04998
05463
05170
00847
04361
05504
05204
03807
02210
05501
04608
08772
03206
08913
00415
07033
00486
03652
02669
03134
06061
01712
02701
01249
02710
06100
03931
01232
08560
08847
08745
07482
06055
01574
07280
07810
01998
04174
03291
08253
00476
01343
02624
07136
03501
05674
00234
02913
02479
03949
00565
00097
06674
00914
03082
08606
04540
04438
07378
08744
09000
00133
02447
05258
04093
03480
08426
07343
01641
02820
05346
07918
00939
06234
05823
02806
07657
03747
02778
07150
08997
03461
07874
05399
01187
04088
04715
00189
02909
02554
05022
01056
08111
02928
04010
05207
04075
08541
04173
00173
00176
03850
08018
01394
03844
03901
02284
00719
00887
00323
01442
00406
04238
07607
06376
07556
04167
06486
00863
06958
01126
05898
06169
00589
05092
07697
00077
02346
01997
08128
00027
01335
07601
02195
07787
02087
02534
08823
03497
05739
03281
05808
04756
04529
08355
00483
08174
06386
01143
06868
02732
02961
05139
07511
06683
02416
07199
06621
08074
06126
00506
02936
03743
00878
02084
00503
06701
06527
05821
06946
07517
00490
07542
04239
07634
06852
05379
07965
02762
08830
08044
03935
00498
06530
03334
05391
05909
05045
03925
07009
03091
03591
06861
07423
07392
02579
07040
00221
01884
06781
02014
01804
06823
01944
01512
02504
03137
07900
04257
05311
03637
02977
02903
01532
08360
01546
07784
07039
03596
05461
08829
04210
05166
07476
01109
03262
04610
08278
02193
04062
04390
00131
03341
06495
03499
04835
03349
08962
08152
08898
06310
05773
07088
07642
08183
02058
05216
04718
06928
03127
06254
07720
04031
03340
07401
00089
07026
06785
08203
05259
05536
01543
02075
00595
06043
00738
05485
04052
08456
02693
01329
01029
01509
05260
05870
00228
02780
00944
03566
06409
03280
06039
08285
01001
07225
00243
06173
05016
08601
04043
00615
08764
05301
05051
01992
00692
04343
06443
04779
08638
06004
04757
05510
08806
06161
08271
05745
04196
05976
00080
02281
04611
05803
08449
07020
02462
05871
00363
01704
05086
01036
07532
07278
08242
08172
07911
08117
02759
01318
00903
03647
05603
07576
05863
02035
08116
03109
07962
01155
03752
06203
03923
05029
01367
08666
08210
02152
03026
04996
06047
04057
02015
04341
07902
05532
08032
05954
07925
00725
08112
01169
05241
01669
04842
06937
02604
03953
07510
00837
02049
04966
06841
08491
01914
03464
08087
06900
03562
03594
06463
08060
01732
05904
03998
04639
00462
02904
00555
06442
01527
03833
05290
01377
08864
07999
07223
03719
01908
04038
03078
02985
00911
08788
08071
03155
03457
04409
01971
06916
06372
06986
07716
05851
07331
05489
01687
08153
04644
02278
03938
06389
07651
08001
00082
07832
04743
06565
07809
02836
07802
03040
05933
01138
04039
06417
02585
05133
04949
01899
06476
01009
04067
08536
01721
07896
02995
05764
03937
05460
02411
04041
02077
05794
03686
05219
06524
07229
08919
06259
05024
03430
04564
07666
07250
07653
01524
02452
01752
03470
02135
01483
00941
01205
05655
04211
02986
06400
00972
00864
03886
08702
07786
06802
00906
07958
06640
04973
08088
07551
04686
07491
01214
03360
03381
02145
02885
05106
02491
02949
03417
02511
04937
03840
08221
04785
04321
07636
03179
02544
00004
01670
07560
03653
08429
07777
03723
00542
03821
08668
05047
05297
05830
01966
02522
03047
06644
00245
03285
08619
04550
04372
03456
05946
08621
05099
03969
03275
08653
07815
03984
03095
05353
08879
08753
00059
04103
07117
08173
01826
02103
01526
06619
00326
02918
08599
04720
04554
03964
00623
05718
01815
03706
00358
05750
04837
05108
08312
08791
02583
05409
02177
02143
07143
05304
06068
06198
07056
01171
01466
03412
00397
05905
01713
05303
02573
01261
01154
05467
00607
05302
04653
01027
07024
06572
00324
00656
07780
00557
07699
04240
08850
01475
05405
02684
07813
04568
02597
01326
03539
07664
03792
05126
01253
01130
07622
03619
04751
00387
01587
06857
06547
05206
01562
01843
05093
00918
05255
02377
08542
05507
01749
03519
02446
01384
03321
05513
05686
01893
00552
00432
07578
01032
07357
06643
05690
00877
00789
08522
07436
07700
03819
05345
02250
05845
05076
03600
02223
06811
01495
00809
02649
00614
00047
06393
02198
00469
05177
02071
01699
06671
00846
00412
05234
03532
05569
00424
06560
08972
03491
04456
07509
07460
07196
04823
08384
05490
08280
01577
07582
07063
07615
07305
00229
08547
08952
01604
07315
03147
02295
07781
01720
04557
00310
07598
04023
08137
08493
04412
00466
03203
06146
05762
01425
05715
03178
00869
02335
08168
02226
02373
07340
00988
03350
06184
05868
07855
01745
00285
01535
00559
06584
05839
06836
06230
03244
08091
08294
03573
08618
04549
01573
07388
06097
01140
05190
04073
04309
07420
04658
02932
05810
05073
00064
01452
05226
01319
08291
06794
00150
08548
07398
01578
06810
04590
07422
06192
04150
04908
05755
07149
00291
06065
08782
06778
03201
01201
03587
00367
00904
08437
07625
07963
06999
01672
00445
01082
02138
03359
06288
08193
05223
03612
01870
07118
04443
07337
02852
04819
05915
04962
02917
08697
00935
07424
07793
07713
06133
08227
07323
02654
00339
07211
00023
07120
05004
08715
07109
00688
03060
03627
00306
08333
04352
08752
01023
08247
04077
00596
06892
01545
02168
01015
04270
07525
03817
07725
06134
01267
05270
07032
01576
03024
04383
01304
07589
00419
08630
08035
03714
02134
06941
07719
00677
07438
02645
02358
08657
03008
08255
02752
08318
03330
00867
04477
04188
06706
08716
00762
01294
02436
01305
01858
05996
01742
06678
07537
03514
02486
04370
01465
01829
00081
05617
03849
04933
06531
00474
05222
02101
08636
03159
07475
02782
05282
05406
02506
02602
06607
04410
01921
04365
03212
04676
08942
00722
05041
08201
08359
07836
05167
00470
07595
02448
07084
08498
01788
00782
06490
05602
02999
02074
06419
00254
04048
03551
05919
05000
07320
03853
06752
03632
03809
07070
06515
05604
04703
08810
00687
05760
05572
01652
02171
04713
08184
08755
03296
00612
08526
05957
05151
03129
04381
01994
05183
01051
02941
06945
08038
06488
04939
06875
02546
02713
02007
03434
08556
08603
08029
04636
03153
02543
03404
03590
04283
06006
00427
08049
03699
02848
03279
08675
04749
03503
07205
02047
06548
04687
04400
03523
03304
08315
03124
03717
02910
07694
04418
07973
06574
00356
03376
06798
05711
03689
03522
05869
01695
04436
03482
00733
04959
05253
03469
08672
06528
04331
05687
00637
00475
06838
07828
05818
07649
00669
08826
06886
04545
03506
08743
02769
00120
05648
04123
07353
04954
05052
02753
03306
02375
05293
01816
01301
00172
00292
08569
05368
05701
04393
04901
07806
04788
03576
01594
02201
06710
06797
06001
08794
01226
08354
02357
07050
08488
05453
04910
08862
01801
04981
03911
01645
06697
04146
01766
00960
03329
08282
06187
04019
05790
01160
07579
04979
04605
00761
00734
01780
06546
04433
03917
03068
06145
01202
01854
01550
01552
00016
04570
08922
01791
07454
00981
08078
00334
01381
07916
04994
05518
07144
07757
08648
05030
01178
00239
06758
02889
02061
04822
02957
00545
00485
05309
05072
03936
03394
08514
07469
05642
01642
01086
08398
06693
08200
05633
05681
03069
03103
00365
01531
04325
03492
05217
08103
00919
05746
06426
07934
04170
01058
02433
01746
05719
05186
06652
02920
03395
01420
08256
04219
08022
01034
01541
07019
08712
00062
07688
00014
04552
04451
03283
06851
05496
00145
01308
04940
07253
06500
04721
05333
03542
07804
02342
07052
01482
04809
02823
04186
00086
05031
00305
04518
00377
07153
06498
08881
01554
00433
01683
07756
05010
04674
02501
00755
08371
00563
00717
08231
08248
02612
01150
06540
02004
03615
08161
05733
05342
00788
08633
00422
04646
02915
01188
01876
07457
08129
00226
01787
05547
06660
01940
04643
03050
04616
06385
01397
04252
02952
02960
03125
07654
07244
01516
01030
08407
01661
07920
07884
03639
05430
00204
07352
08742
01922
04382
01514
00816
00212
03081
03075
00065
04160
08390
05109
08761
01408
03509
04775
02779
03025
06294
01581
05574
07526
04537
02191
03671
00741
07187
00134
04178
02907
06998
03373
04812
04805
02400
01662
03318
00076
05364
01967
04435
07668
00897
06733
07746
03711
02524
01031
04936
05152
02707
08122
07770
07408
02086
08644
00060
04414
01607
05581
02558
08916
04953
04154
07970
07478
03471
05649
04161
05662
06137
02704
08019
07747
05104
00711
01407
07662
05953
03547
07931
08738
08895
01406
05395
05081
00426
06241
02493
04426
06688
06071
08145
05355
08799
00951
07603
04754
03409
00996
04796
05540
05685
06756
01643
07396
01478
01932
03568
07008
03661
02006
05306
07399
07164
02940
01753
01072
07103
07487
04119
03246
07043
06533
05829
00249
00454
02475
08896
04227
03419
01102
05123
05529
00494
06333
06522
04870
03611
01142
06765
08387
01600
04621
01228
08573
03239
02242
07997
08775
04521
08096
05413
06363
05867
00622
03994
05148
02182
06931
03307
05064
05670
07924
01601
08131
08460
06685
08796
02017
01089
01789
00211
02640
01751
07988
04233
01052
02305
02664
07051
06461
08708
07220
03910
07297
06172
07409
07555
06904
08888
04319
07304
08795
01165
05519
04533
04609
04488
00388
02459
02317
02942
06301
01617
04525
08273
05526
08100
00480
02587
03044
02157
07318
05498
06728
05942
06410
04050
00592
06320
06136
06766
05848
03680
02857
02931
01845
05140
08714
03781
05926
05872
06777
01980
04198
08093
00420
06287
04664
04798
06573
04168
05924
06219
02694
02091
00806
04740
01807
03978
06865
02438
03987
02389
04814
00489
05591
02314
00829
03737
04434
01096
01798
08366
02875
01872
08549
00186
00248
00660
01688
03164
03288
05178
04845
08296
01619
06598
00553
05587
00854
05737
01528
07091
03220
01936
01840
06518
03181
01925
02615
06727
03154
04500
00394
01715
04291
04815
05197
06199
07111
08026
00957
02817
08351
05509
01229
08331
08676
06813
05921
05906
04228
08688
06859
00313
01714
04790
02140
07218
08677
03337
04128
06672
00106
02872
05278
05855
00770
00072
05644
03962
03999
03055
01544
07107
04262
02437
07159
01777
02984
01629
08933
06151
04693
07065
04149
04514
05782
02658
05065
03814
02717
03954
01224
02064
03559
02304
02090
06721
02365
06507
03130
08524
06132
04926
02208
03770
05269
00713
02584
07412
06767
00773
02500
08617
08873
07646
04748
06649
01144
08068
00392
06491
06433
05343
00166
07375
08211
05910
07939
08849
05876
03235
07099
06468
04603
07928
03406
07123
06375
01279
06882
02112
08786
02237
05097
08403
02178
08611
05412
01095
02553
07319
05231
05545
04441
07465
01022
00514
03023
04592
08436
05912
02935
04046
07383
08199
04223
08389
05656
05371
00593
02268
02916
08263
08558
02739
07104
04612
08020
06793
08343
01436
03527
08539
07494
00143
03455
00933
06874
03343
03695
07207
02285
00151
02963
05677
03610
02515
05971
08851
02187
00746
08251
04736
02667
03691
03022
03673
08283
03459
08289
01194
00632
06232
03710
04450
02273
06108
07451
00219
04930
02891
02725
08214
03101
08470
00786
00456
08720
06438
04625
04097
04833
08008
08902
05673
04928
08346
02492
04725
08419
03623
01597
04466
05267
00700
02574
01373
01570
07418
05945
01148
02974
02388
02466
02919
07245
01883
02330
02883
01755
02956
08747
07066
05800
06731
02856
03739
03029
07102
00298
02930
05326
02349
03090
07276
04104
04100
01365
01115
07449
01955
03234
04029
07839
00581
08454
06182
04059
06062
08189
01234
01210
01628
06562
00510
01271
08616
02675
00775
08335
02381
07609
06919
00270
02302
06015
03753
03151
01567
06471
03876
00103
01833
01785
02527
01504
01444
06458
03366
08317
00986
04628
03664
05563
06717
02299
01380
01682
01059
05288
08073
00953
06140
02067
00037
08963
08575
05442
08920
08960
00051
04683
05546
06582
05521
02795
01395
06543
00049
01043
02851
02464
06263
05859
02566
08223
01897
01691
08198
04615
00890
05348
07905
06250
02580
00315
02663
04810
07368
07873
01292
03927
03727
07214
04767
08758
05795
04731
07726
00329
02270
04354
02192
04931
00591
03939
02539
01650
07021
04633
02568
01128
01296
04148
06489
00302
00348
06601
08472
07672
01605
00791
07358
02702
00917
07640
08135
01054
01435
04351
08587
03140
07262
03643
04760
06084
08559
08306
04092
02390
03353
07165
03266
07095
01017
06730
00457
00901
05046
05154
03827
08817
01792
00973
05597
06291
03062
00043
04378
02316
06077
07702
05085
02276
07826
05349
05672
08604
05702
06008
08329
03248
06517
08717
03309
03163
02236
06559
03197
04209
03447
05707
00999
05408
07105
08546
04310
04035
08138
05102
02801
03609
03500
01540
07908
05789
05246
00237
02319
07286
02992
07714
03180
07292
07852
02361
08126
00958
04380
07633
08694
06965
03310
03233
01486
01195
02350
03276
02529
07397
01370
00572
08856
00990
06662
04264
04816
04368
01101
01065
02038
07834
00818
06871
06473
00907
03605
03067
07045
06526
05836
05783
07406
00954
08852
07067
00312
00410
00515
07584
03929
05273
04102
08445
06335
08466
04867
03393
05071
01282
07639
04096
00971
07616
01943
04241
04106
03858
08220
00393
06296
03198
04943
07306
07506
00148
08990
02151
04300
08711
05589
06780
05338
01341
02218
04634
04060
04080
04280
00899
00232
02371
00216
01440
05082
05111
02799
07089
00497
08040
06590
01571
04033
05623
04855
04632
03136
08257
05251
08509
08710
01449
03162
06260
01926
07485
07141
05759
05511
00784
02723
05449
07933
06394
00889
08669
04587
00798
04413
03569
07845
06324
03869
01569
02747
02879
07539
00321
00418
06371
00281
07535
03729
05684
07602
04792
00359
03268
04392
07243
04927
05751
07856
04847
01986
05724
00909
02257
07717
07360
04859
01857
03859
03688
06297
00689
00114
03553
07116
07263
02347
02323
08249
02922
06305
07704
06089
00705
08592
02842
02261
03934
05619
04569
00403
04913
08564
00840
05506
04440
00856
03092
03650
05834
00594
03846
02114
02711
05476
06846
00451
00851
06608
04499
03152
00989
00299
06396
00171
04259
05706
06119
02165
03825
00213
01242
01627
05319
06352
05890
07038
05639
05119
04697
03633
02858
07682
04742
00817
00930
01200
08910
04329
06908
00236
03413
02406
08322
08721
06933
06964
00287
00826
07690
01737
07680
02787
00756
06696
07499
06276
01987
06618
05418
01659
08365
00540
04746
08259
02356
00584
01211
00517
07731
04189
03486
07048
04298
05814
02973
01983
00554
00653
05237
06650
07773
02509
08279
05756
07325
08225
02555
02470
05202
00546
00898
08535
04225
04846
05383
01919
02099
00792
02699
08798
07173
04399
03336
02020
02953
02320
02232
07393
05675
04347
06632
05310
06196
07512
07886
06317
08729
01756
00185
03293
02133
01339
02088
05607
05478
03798
03852
03495
08302
00194
00142
06581
04415
03932
06171
07058
01796
08099
00682
05315
01881
02636
01087
02846
04375
06878
03073
00697
07860
04575
03402
07514
01038
06087
08792
07203
06850
04333
01272
00163
08036
01137
05382
04507
07767
08425
06967
00666
02990
06449
06483
02838
08080
03348
04121
07064
05101
07489
05600
00164
00551
03864
06441
05438
07805
02673
06282
05019
02409
02947
03628
06822
03516
07369
05089
03758
08034
02454
03839
07222
07444
02978
05421
01754
04481
03474
07459
05439
08348
07628
02517
08890
06266
03635
06956
07296
06982
04728
08543
01823
01120
00750
01835
03270
05955
07894
05900
01481
08561
01460
07194
06698
07083
03458
00812
06111
07293
03946
03475
05213
06120
02829
00819
04497
01450
05666
01776
05445
01231
06587
06978
03789
00659
03724
07061
00661
04778
08660
06648
05124
06129
07441
03805
08245
03881
07876
06930
04307
01113
06796
01076
08059
06446
07807
04690
01794
07290
03684
05634
03618
01873
05198
06271
01534
02887
01300
04460
06107
00920
07142
01937
05819
08705
02639
06646
06351
01515
07342
00948
06112
07098
01496
02387
05889
02950
07969
06637
08106
02837
03056
08979
04673
01892
06775
00926
04668
01268
05083
04005
05320
02435
01949
04007
07206
06553
04578
06347
02662
06469
05159
04652
04627
03468
03116
02275
05393
01476
06016
06951
02644
02520
06709
05375
04787
04476
03755
04594
06745
06024
08640
01850
01239
08286
02120
06467
01066
02073
00929
00828
00252
00841
06358
01248
03322
08519
02868
03773
07742
06460
00009
03803
03284
07611
07624
04577
03000
01416
05615
07671
05539
08749
08774
07658
04857
08158
06404
07486
06281
07269
05268
08790
05626
02496
05131
07224
03991
00317
04326
01196
01831
00063
01538
04580
07871
06032
00636
06010
02651
02018
04009
08045
01656
07880
04109
07732
07333
03260
05291
01437
06092
00156
00528
05594
04260
00870
07909
03493
01920
06719
08377
07577
07213
08347
08313
06761
00092
00978
06412
03812
01839
08602
00353
03418
07541
00502
04530
05766
05171
04267
06415
04871
06060
01726
08370
02621
06792
06835
05554
03265
08593
08582
05473
07437
05373
07348
01667
08372
06613
04166
02687
07007
03971
00279
03772
07404
03224
01774
03690
01586
06330
02581
02029
08646
01548
00641
03328
04675
00013
04780
07913
01019
06795
02166
05180
05423
07012
06130
07772
04680
07125
02901
02505
06268
06535
07515
02162
05201
06864
08422
05798
06726
07866
04579
07838
00460
07372
08358
08590
00070
07363
03658
01099
06313
08975
08334
08297
03326
07362
07890
04600
04417
02754
00985
02792
01167
03176
05001
05286
03338
02026
07946
02483
08031
02763
07519
01846
08269
06135
01941
03750
07090
02545
03481
07047
08148
08345
07094
04367
06350
03608
02144
07812
02153
01588
02042
07659
06116
00308
04017
03565
03157
06995
04116
05849
02442
02987
04398
04475
02440
07359
02748
03034
08395
08206
03879
00664
05713
06942
06876
08900
05824
02368
02718
04836
08508
01028
00601
03530
06195
06949
05402
01002
08114
07166
02757
07853
01561
02030
07875
00585
02343
03099
05960
05927
07131
07891
03909
02206
07964
00390
03662
00712
01139
00005
00255
01743
00575
08736
08965
01740
04598
05935
05464
08811
08663
00325
07722
03472
06801
01651
05980
01071
05856
05606
02967
07106
08789
03214
08160
04244
04858
05566
03263
04446
06094
08534
01938
00398
07948
04136
03264
04654
00597
01067
04941
04494
01564
03759
01077
07980
05432
00217
03432
00825
02814
01492
05028
02630
04245
08265
02164
07953
02827
00790
07765
08266
00710
02263
00250
01551
07309
02722
02229
03383
04957
05503
03836
03407
05176
05276
01677
05714
07760
03358
08027
06159
08159
01438
05233
04889
08779
08482
02228
05958
05366
05621
00876
07271
06436
04501
02841
08765
07155
03232
08127
05647
02826
04771
03916
07960
00894
02068
08236
04669
07255
05721
03053
04956
00808
08939
04330
02053
06625
00831
08013
03571
07180
00676
01969
01855
00271
02222
03168
02828
05964
01286
02262
05328
02926
00836
02600
02784
01957
06034
07415
04707
04026
00307
03114
08499
07093
04292
00561
02512
06013
04793
05882
02638
03271
01262
06664
04258
02231
00813
06222
04799
07405
06750
02610
06253
07938
03975
03586
03790
03170
08392
01934
02308
05728
05658
00638
00739
08880
06692
00866
07445
04640
00567
06128
08085
00912
03756
08268
06959
02700
08187
06369
07645
00273
05998
03229
01330
06944
08434
07133
03856
01565
02123
05424
08195
04696
04312
07979
02460
03979
05323
07507
00628
02966
02516
03659
07261
04689
04983
03624
03273
00723
03427
01233
05137
00112
06455
04137
07820
05161
08941
06981
04318
00242
01609
04666
04350
03237
05189
02508
05160
08639
02797
00857
07013
02749
03967
05601
01409
03831
07432
07390
04458
00158
03479
04432
05491
03089
02641
03400
01680
00182
01175
04265
00582
03247
04802
06141
07453
03961
08292
01266
06828
07201
07097
06514
06044
01640
07586
08065
01025
05146
00360
06214
01053
07743
03131
07334
01197
05893
05530
02307
03498
08689
00834
06138
00991
01502
07788
08800
05758
07840
05492
01181
01735
08903
07197
02453
02874
03093
02161
00657
08405
05110
05296
05317
03355
00921
06939
08589
08402
07865
07862
08191
08205
04893
04120
01389
02079
05378
02414
06014
00618
05063
00979
03303
00121
05321
06760
03593
06191
02427
02359
08868
07380
06713
01808
00634
01013
03339
03088
08304
06512
02758
06509
08082
05358
07518
06448
06821
04087
08101
04517
05002
01902
08844
02575
00262
08284
05242
07520
07345
06345
04551
00968
08480
08923
06267
07986
05469
07892
00982
01280
03531
06176
00943
04271
06382
04918
05054
06240
01518
06353
07274
05974
05991
05389
01945
05716
04316
07543
06035
04301
06922
00644
01217
07849
02408
00577
08944
06362
02353
01956
01958
01295
05185
07643
06193
08204
00266
01061
02105
03184
08863
03177
08043
01117
00038
00519
08216
00823
08261
08647
06953
00362
04935
05732
04385
05661
02833
00010
03726
05014
03448
04898
01135
06090
06464
05901
03102
01111
04297
07022
06432
05483
07419
07108
02179
08215
05068
00530
06642
01636
04162
08927
07285
08098
05763
05920
00138
00196
08674
00983
02205
07174
08485
07761
00175
01813
07854
08401
06862
06152
03051
02934
08824
07824
06354
02728
07480
00409
08011
01811
00225
08133
08006
04752
06645
06934
01696
03829
08839
02455
05832
08600
06776
04907
07626
06021
00180
08532
03415
01358
01419
00794
05854
07549
01405
08507
03933
04197
02594
06996
05968
08989
05356
00105
03200
03768
05564
06839
01560
05058
01767
02478
03577
06027
08364
07251
05775
02731
08686
02628
03636
03019
08949
00378
06809
01758
07209
07349
00780
08540
08855
05712
07528
08235
03386
06390
07495
04306
06773
05443
00684
00583
01730
05347
03085
00913
04133
04386
05049
01723
01744
03204
06681
08489
00518
03678
04875
04169
06985
05895
02740
08400
02451
05036
02494
06456
03014
06050
04152
04971
01474
04955
01176
06326
07322
02338
07365
08165
01129
07901
03437
01313
00188
01004
00976
01722
01348
03810
03298
06647
04520
03854
07670
06380
07132
06453
04774
04317
08222
01820
06746
08999
05788
05050
06480
03158
02642
02397
02969
00345
07332
04183
07605
05048
01240
01069
01105
08033
07790
02908
08414
01523
00094
03048
06887
08557
08515
06968
01064
04419
00811
05403
08650
03252
03385
06665
04691
01048
02818
01563
03638
04853
05199
00357
04982
00922
03845
03515
03118
02590
05043
01946
02607
01533
05593
03808
06935
02146
04993
01981
02489
00902
01716
02831
00006
00810
03698
05692
00627
01371
01599
07692
06224
00606
05938
06578
06711
08555
02036
07391
06338
07335
02037
04618
08176
06422
04274
05657
02955
01819
05042
03042
06707
04470
04055
03709
07410
05038
03528
01927
07001
04880
00631
05238
02391
01762
04938
04462
00478
01302
05157
06917
00541
04958
05881
07737
02204
08412
03888
07204
05261
07801
00067
01225
08084
03313
02620
01612
07735
01783
08959
07341
07851
03802
00157
08943
04315
06588
07301
03367
08167
02777
08577
08458
00704
02703
03242
05471
01284
00578
01317
04407
00550
00407
04065
08462
00136
03487
02715
06261
07082
04629
01739
07989
06078
07991
03030
03672
07481
02078
06513
08056
05263
06109
04523
02696
08009
06550
02873
07831
05744
07247
04882
05723
04037
07961
01610
04157
02214
00068
04249
03106
08833
05805
06537
02765
07350
04753
04483
00045
06359
01664
00030
06669
06368
06755
04601
01764
00709
03452
08017
03877
00443
01844
00885
06160
05055
07752
07833
04248
07531
07210
04834
02898
08252
06273
07652
01724
02129
05394
05929
04567
08724
05272
06947
06475
01285
01733
07906
08444
00487
02589
02280
06429
06186
08552
06704
05742
06233
07678
06725
06739
01468
06403
00370
00760
06147
07981
05196
05866
00304
00137
04734
08958
00091
01322
01274
07945
02340
05454
01635
06127
01260
03981
06815
04454
08870
04362
04984
00538
07630
02121
05313
01959
03450
08725
08455
00900
06687
03902
07430
04021
07381
01207
00630
01590
07017
05191
07674
01725
03526
04139
03290
03988
01110
02737
04932
05240
05727
02488
05294
01012
05862
06977
04171
05903
04733
03771
07138
08109
06364
04553
03391
04496
02988
00197
08463
08687
08664
07573
04217
02415
00336
05559
04512
02399
07461
08311
05187
04124
01782
00073
05107
08406
04206
08812
06472
03783
00263
04273
05079
04349
03045
01230
05026
01221
05466
02310
08859
04619
06392
03982
05669
03374
05552
08907
06153
06955
03370
04002
02714
02202
05398
01254
04112
02724
00193
03892
03100
01585
07266
01990
05550
07798
07216
08030
00961
04363
08860
06554
04153
02893
05012
00679
08591
05627
04047
01303
04921
02895
04117
06668
06411
04165
00293
02850
08728
01507
08579
02849
00708
04560
08192
04952
06479
04856
00258
06402
05153
00879
08373
08132
04130
01557
04730
06549
07014
03059
07028
06972
02190
01964
01729
04782
03006
01568
03043
00354
03165
00146
01250
08985
04479
08807
07092
01183
08964
07689
01759
07567
01905
03512
06689
02044
06702
02010
06519
02063
02457
05426
05244
00261
07882
02815
07870
01413
05842
08430
04588
02290
06593
06516
06889
04662
02510
08545
03282
06754
06278
07929
04967
03765
02485
00620
08054
04708
05370
06855
07740
04784
04886
08678
02477
07572
06398
08597
03146
03123
01728
04250
06567
03930
04237
03986
02519
04891
01506
05940
07329
05853
01026
02480
02614
02586
06466
06334
06285
02282
07516
02001
01237
03483
03694
05374
00314
04613
08185
06829
03889
05671
02548
08551
06845
08147
05324
01103
05537
08893
00635
06786
05861
00512
05843
04108
08179
04556
05474
08996
05548
07738
04199
04216
07947
08998
02720
08612
03654
02613
06117
08064
07151
06228
06258
03384
05200
05274
04535
00167
04045
06609
06686
07846
04919
03380
05121
07328
01622
08349
06082
06289
06388
04448
04890
01999
04887
05481
01598
08213
02052
05632
08005
02924
07533
03534
02160
05878
06247
03945
01623
08144
08623
01985
06734
02668
04465
06803
00191
00504
04727
01078
07673
03058
05997
06504
06539
03149
04602
08620
00493
01121
04974
03597
07413
01357
04468
04503
07467
07439
07234
01177
06459
00724
07479
01547
01423
05943
03900
02066
00199
07421
00923
06245
07544
03063
02025
06923
05100
01369
04158
03725
07493
07591
01093
06275
04565
04208
01511
01631
04395
08877
04732
06736
03786
01382
02225
06899
03669
05765
08945
00531
08992
07101
04411
04920
06883
07242
03670
08125
08631
01276
05334
02897
08092
02796
01489
06053
00936
03135
06954
03563
04829
04444
01309
02775
03922
08571
07447
07379
05295
05544
07676
05332
07492
01162
04864
07588
03811
06154
03622
00642
08651
03031
05825
03525
06762
03257
04056
08940
07817
05660
03416
06974
08149
05894
04135
03032
08442
01501
08723
06163
01510
01626
06105
07281
05239
07940
04427
08834
00472
01068
06231
00256
04266
07529
07087
07547
04220
01208
03508
01008
07983
04164
03021
06183
08141
01731
02556
02618
07200
00297
04649
08921
03974
03855
07561
03912
07168
04645
06503
02902
04991
00464
01497
02983
03721
02564
03286
02318
04869
04539
01768
06666
07857
02082
05441
08476
05285
04761
02734
08950
06189
04783
06768
01648
06639
02674
08155
05768
08277
05710
07923
03488
05060
01797
04657
00238
05149
04263
01016
05891
07257
05573
07919
07219
07655
00408
08404
00104
04429
04099
00892
00886
08521
01848
06799
04360
06740
02982
06349
05641
06579
05192
02661
03738
08719
05037
00320
03947
08731
05465
04909
04860
06237
01311
03438
00123
03518
00040
02395
04894
02962
08139
08338
08956
08473
07157
06374
01094
04844
00113
02083
06830
04069
02033
08659
02127
07881
03816
02072
05015
00447
01116
01344
04179
02859
03898
01491
06896
02979
00850
04396
01513
00265
08981
06636
06381
08993
00368
07739
02424
05525
03880
04332
00338
01539
05770
03541
03028
02863
08156
04086
01632
05067
00200
00845
04172
02402
06638
04032
03942
07917
01929
00140
07698
01763
04308
07974
02876
04712
01968
08671
01948
04348
05628
02363
06893
01075
05679
07395
05676
02626
06943
04828
05475
02233
07307
00282
01439
01989
03990
00135
02107
05147
04874
08479
00731
04506
02430
00153
02933
06277
03544
05693
01352
00044
02670
02227
02805
01916
08818
07610
00580
04758
01446
08750
04445
02929
00130
05009
05335
00590
05462
06367
07373
06997
02906
03274
06298
04972
04960
07366
05384
06054
04902
05193
02106
03517
02379
08821
00116
01359
00111
03297
08202
05747
03446
04876
02023
05531
03052
03648
01046
06863
02441
00588
01151
04235
00934
08350
04969
00012
01049
00685
01323
03213
08267
06627
06075
01900
01402
04791
06057
05840
05013
01189
07191
06025
06208
02954
06849
08237
06834
08696
00458
06866
05128
07977
04420
06521
07782
01638
02002
00132
01390
02914
06009
02878
01703
07471
01256
08562
04147
06837
06493
00330
00672
07835
03701
04044
00355
01522
00556
06508
08178
00938
08846
00479
02959
08622
08391
01911
05969
04614
00155
06948
07472
08906
08492
01976
07842
03225
07966
06764
06337
03524
01123
06737
05484
06732
02830
08388
06907
02976
01895
00411
03860
03505
06772
07338
01275
00011
02348
00799
03871
07179
05914
03550
02764
04471
07212
06791
06555
05125
08754
08977
07443
06932
04995
00227
08314
07427
07018
08061
06218
01238
00547
05595
01368
08097
03117
07764
08233
05494
02698
03423
03222
07327
04012
06820
03602
07326
02834
08629
01414
03442
04923
00643
03454
03243
04965
00966
02065
08816
06826
05749
00905
08234
06331
01880
02502
04586
00079
07762
05665
00042
00529
07710
07557
05437
03722
06423
05831
03720
07162
04107
07275
08970
01779
00033
08232
01327
07119
02410
07895
02671
00272
05558
01400
03256
02364
05979
05738
07272
00795
00516
03316
03226
05035
00882
06167
00318
03766
00141
00571
05586
01668
07426
05425
05227
02854
07265
00020
03646
08086
00727
06272
03070
00058
00932
02383
02660
06356
06033
00655
02735
02219
03038
01700
00066
02100
08409
08380
06309
00640
06577
02216
04789
03883
01299
05995
06960
05069
01616
08219
03617
05487
06586
05455
06157
06284
04637
05625
05280
03891
00423
00125
04597
08382
07768
08867
01978
02766
08614
07910
01463
00048
04129
00896
05948
00665
04091
05429
07490
03734
02591
01132
02040
02211
08037
00384
02142
04127
04585
08239
05256
02958
07941
03295
01772
02331
07298
04282
04976
02886
07076
06091
08196
05098
03588
00532
03169
04765
06888
00624
05620
08164
04817
02016
06912
02309
01252
04942
06325
04663
08428
07005
02147
06691
00179
02102
08841
08066
06067
02751
06484
01898
08655
01156
03545
02993
08171
07823
08878
06066
01039
05691
00437
07029
08615
02003
06064
08748
01974
07937
06123
02706
08309
00802
00496
04714
07612
08505
08642
05984
06606
07178
02605
08853
08487
00777
05414
02867
08118
05062
01836
05116
02376
07181
02800
00380
01639
02727
03795
01021
07455
06470
07121
01040
02647
07186
01469
06207
07792
00395
01281
08177
03351
05857
02980
02742
01499
04268
00438
03843
03601
06181
07912
04975
08643
00609
07264
04739
06901
06270
02301
05973
00174
01062
08883
06743
04485
06322
00963
08190
08151
07521
01157
00844
04224
00331
04459
01108
02366
05965
05873
04624
05579
08585
06056
06236
00382
07277
04214
05205
04022
00034
05817
03921
08421
08967
03396
00646
04389
03240
05844
01060
03666
02009
03111
00842
04338
08186
05959
04711
07982
08228
05105
01869
07987
02272
03584
03649
02336
03143
06073
05209
00611
02221
04862
05729
03683
01719
06690
00853
08217
07879
01314
05385
05577
00743
08544
01566
05479
06244
01090
05560
05911
03862
05122
05308
03899
08928
06807
02809
04997
07592
02672
05266
00181
08635
06395
06511
06211
04163
04561
03800
04948
01606
04095
06477
02181
02292
04710
07023
03228
00548
06877
04576
03820
02708
01705
02853
00964
07195
01213
07769
03250
03520
05864
03968
03533
07128
01580
05392
00257
01907
02643
08815
07249
01134
03054
00800
00389
07709
08954
00604
02230
00178
08730
01182
08089
06673
05257
07167
06880
01431
06188
07604
07115
03704
03679
06927
04916
07957
04911
02244
05451
00544
07127
01660
07124
02768
04747
02170
03424
02444
03703
03489
02288
07440
04449
00537
00667
04126
01618
04253
06980
08857
01913
02835
06485
00505
07190
06599
06450
04824
07344
01269
07505
07356
02333
04571
02921
03378
08244
03079
02188
04759
01473
00874
05837
01310
07193
00463
00342
00024
01717
04563
00573
04623
03269
00744
04840
07723
07985
00793
01362
03626
07972
02690
03444
02085
05254
08107
03175
00706
01903
03980
00413
08504
07600
01426
02692
03194
00436
07314
04428
02646
08457
04839
08328
06848
06831
08845
05448
03731
07226
02565
00523
03851
05846
02665
08925
08254
01583
05520
01930
07402
03208
01690
06378
02513
07667
04701
06854
07867
06814
01865
02970
07641
01045
04738
01771
05780
01962
06881
07112
03301
04777
08911
08459
08974
02538
06292
02297
03216
06667
01360
06600
08050
05784
01321
01655
07954
03013
03730
07237
05388
06628
07146
00931
02679
08484
04377
05918
03390
05419
05598
03287
02869
05988
01041
02776
02398
00126
04672
08308
05074
05168
00670
03776
02367
04111
07416
01718
05298
07705
04850
05680
02048
03715
00946
08770
06738
01891
06093
01192
01098
01247
01853
01684
02521
07729
01084
04313
02200
03663
00187
07502
02563
01063
06451
06131
04391
05812
05224
05417
04013
05720
02870
06290
00539
04800
07464
07188
01864
05835
07955
05141
00883
04480
07504
07995
06885
03960
03878
05535
01750
05236
03160
04659
03957
03868
08835
05952
03308
02405
08679
05158
07336
08787
02298
07077
02425
00018
00600
05652
00223
04491
08608
02429
00183
07635
05630
04203
04583
06952
06049
00566
06501
08397
06085
04335
00599
02716
04369
03463
03985
01611
01289
07637
04797
01316
04070
02235
07949
00714
00916
05999
08212
03744
01621
00728
01556
06038
08531
02130
03838
07501
00240
00729
00621
08057
07425
02633
06783
07967
00668
03259
08415
04311
06906
06950
08208
00702
08915
03357
00414
08854
05136
01245
04559
04486
02289
03120
08784
02418
05337
02337
08704
03794
01786
08733
06303
07259
03890
02532
04900
06714
04527
00386
07669
04841
08385
07706
02069
06735
01701
01888
05827
01863
01747
04284
01428
05892
06150
00208
05908
03422
03763
01000
04498
02469
00488
02756
03277
00769
07152
05088
06561
00190
03642
00513
05654
01529
08884
08012
05734
06007
04015
04723
00873
00396
07771
03324
07903
08793
06860
08379
04630
07858
02945
04078
00340
00681
06979
05781
03305
08182
07730
01297
07062
00526
06206
01018
01342
03230
07411
07996
00233
05575
02141
05225
02761
03806
00891
07540
05214
04063
06248
06551
08047
00003
07776
03629
08025
03779
07843
02378
02256
04745
06987
08518
08396
06611
01961
08882
00118
02905
05792
08495
01579
06694
08157
01006
07679
06634
01851
04181
03560
06898
03780
04906
06059
00374
08443
04781
05551
00430
02439
03993
08680
05188
02937
07617
02476
08828
02688
06348
02057
00703
00975
08517
05885
08726
00767
02243
05987
08735
01603
06474
08453
00031
02327
00774
00821
02321
07766
00095
00967
03696
05826
03769
01952
05950
06265
04722
02788
04510
01133
06341
07749
00028
00766
07147
08690
04978
07282
05203
08520
02871
01972
02819
06971
04651
03813
03315
07687
08734
03466
04896
05262
07283
06235
08197
07614
05605
07618
01954
04200
02150
02588
01939
06840
05456
05752
00198
03426
06920
03693
00002
06226
02374
01265
06079
08298
03061
05902
04642
03614
03429
07566
01592
08966
04505
03368
00586
08596
00694
03510
07596
02536
01372
03564
06072
07230
02923
08553
02844
00814
07208
06790
03010
07638
08477
07484
00280
05411
07431
06373
03950
06602
05090
07370
01582
06255
04304
06414
04934
08842
02392
06788
03004
07361
00434
07783
02746
05084
02266
01537
05175
08976
07192
01761
06377
08813
03473
00032
07534
00351
08709
06243
04277
03645
06918
02975
02351
00928
08046
00361
05822
05172
03762
03410
02790
04522
05582
03824
01877
04366
07864
08783
08804
08819
01542
03108
07959
03873
00482
00587
08416
06729
06623
02535
02570
06529
08685
03572
05021
08957
04261
00822
01806
05247
01278
02326
03677
02332
06321
01251
08170
01555
01312
02056
06115
03261
05331
02925
02487
06246
08124
03148
08554
03433
02507
06040
01153
04001
08934
02324
05852
02816
06357
07394
03598
00168
07172
01686
04131
05112
07818
05637
04193
08756
03784
05709
07559
01331
02652
03631
08450
01415
05640
01665
05741
06355
02279
03728
01361
01007
06962
06610
01795
02394
00740
05300
05907
01454
06966
08814
02294
08901
03574
06722
06311
04323
03462
02657
01152
08330
05993
00707
08028
05367
02421
05027
08703
00662
05695
03345
02080
03363
01993
01488
01345
07299
08188
00536
08759
05576
06499
01366
06924
08586
02322
01935
00654
05731
03585
06081
00520
06903
06994
07562
06492
00071
00564
08808
02207
01812
05977
06383
05966
08607
05557
02008
05961
02719
04140
03236
08866
03238
07660
00757
00056
01666
01781
04964
06580
08010
00022
03716
00726
04493
04255
03702
08072
03485
03278
05271
05565
08486
08691
02148
04213
05833
06300
06019
08007
05583
06557
04648
00937
02890
05643
07258
03076
04036
02530
05809
05499
04593
06447
04278
07011
08578
05777
05555
03604
02547
04482
01459
04489
04924
07252
08108
07976
05376
07367
02463
02726
04504
05032
04049
02045
02676
02354
05936
04416
06520
02847
06902
01445
07140
02199
03320
07433
05880
02271
02738
08250
03335
01168
07593
04843
08000
00184
01995
00160
01259
05457
00373
03173
01697
07775
05667
08494
03681
00843
07665
04735
05899
02283
01710
04374
00500
00574
03997
00796
00209
08892
02549
02972
01166
02184
01615
06413
05008
01070
03793
00286
04353
04922
04461
00015
08316
00369
08528
04685
03502
02750
05447
03083
06099
06925
00078
02126
07800
04431
05975
01852
01222
06594
07825
00100
02803
02552
05841
01353
04794
00721
08287
06162
05039
04254
00535
05761
05538
04272
00888
01471
08483
03414
02081
08142
02352
05774
08692
02884
00101
00807
01706
02062
06088
03705
05663
00804
07161
07921
00435
03540
00301
00251
05354
03186
04294
00247
01393
03397
03589
03775
05339
06121
07351
05312
05330
08367
00785
08207
00061
02149
08654
00651
00910
04717
00267
07745
01209
07027
02031
03557
07498
05381
07897
07233
05779
02189
02608
01243
01334
07126
07568
05886
05446
00344
06139
02196
02159
02653
03644
00984
07240
02245
08264
01288
08673
08946
05806
07829
02821
08567
08069
08393
06525
01161
02744
07795
02339
06905
04251
01057
05480
03799
04925
07808
05250
08474
07663
08243
01861
04764
08760
01757
00603
04945
08513
00765
01458
02443
03552
03156
08016
04457
06712
00881
06571
02911
05698
01190
06911
08136
02173
04709
01119
00525
03126
08418
02786
06101
08181
04327
07300
07171
03408
03536
01525
02137
02426
08452
01088
04770
05778
06659
06542
00735
06817
03941
07545
00206
00402
03746
00534
00527
02355
05486
06370
00992
08241
04205
06675
01385
00754
02783
06225
08024
03561
07570
03425
05221
07696
00391
05963
04371
06365
02249
05350
01963
01675
02938
00218
05541
08641
02474
06779
07268
07054
00952
01613
06723
02518
08417
02760
07888
01351
02946
02968
08340
08077
07000
08887
00763
07819
01097
04379
04591
01904
00477
05704
08423
03431
06699
08627
07042
04424
07728
05928
02683
05588
05549
08478
08968
06589
06585
00858
06505
02419
04176
02813
07010
05436
07407
07163
06314
04848
07448
03361
06011
00805
07235
04340
08375
04990
05785
06052
05717
03161
01931
03267
00925
02255
01270
02382
04989
01784
05689
06990
02094
01874
00495
04040
01947
00855
04463
06716
05944
07546
03745
06641
08566
07347
01241
08083
08376
06975
04359
01822
04231
07585
01827
00838
05767
05325
04388
00955
00290
05493
02122
07816
00316
01503
02576
04125
05570
02609
03011
00680
08361
08357
07081
04584
05757
01291
04719
03421
08914
00425
04582
00695
01180
03735
00008
05230
03171
05305
03742
06626
03906
04807
01383
08840
02345
00732
02097
02306
05452
04638
03077
04218
04762
08435
01293
05115
07975
04408
07950
05344
06914
01083
03122
02994
08353
05542
04402
00450
08583
06328
08825
05336
00751
02482
03389
08948
06229
00203
00090
03167
08706
05740
03549
01236
01091
08550
08394
00568
00449
08413
08497
02125
03613
05678
05618
03105
05772
03972
04704
04194
02771
01185
02089
03570
02531
07316
01203
04692
05516
07590
02260
00372
06703
02258
02689
02096
02158
04515
02039
01896
05228
02013
00431
05967
01875
04293
03996
03788
07355
02032
01404
01418
08290
01837
02656
00349
02557
08984
01011
05562
07463
01158
08822
00993
01014
04328
00569
03924
06017
04430
03777
03453
02473
04344
03837
02234
05091
04090
05807
01477
00880
04531
06155
04142
02802
05624
00019
06110
02603
05114
07079
04016
04422
08070
04358
07522
02622
07554
05410
08166
05990
02334
05103
03251
05142
01778
07382
04105
03606
02092
05369
03231
05688
02899
07217
02824
01050
02155
07675
00207
00753
04647
03861
06909
00260
06635
04806
03292
08516
08722
06563
01953
00405
02059
04944
03392
03767
03325
03887
06614
05360
03521
07122
05897
04305
01035
07470
01620
05802
01273
01918
08889
08260
07927
04230
02139
07608
03027
04364
05181
06427
01455
05416
06431
07686
06825
08281
03174
06592
04187
01424
08886
02012
01928
00296
04053
02648
03963
05407
01184
01886
08805
06283
00110
06020
03905
03218
02860
06534
05735
03150
06096
07733
04089
04631
07647
00833
00379
04184
08410
07708
00771
03007
02253
01024
01979
00827
00783
06185
05066
04538
05860
01080
07085
08969
05638
00940
01391
02269
04437
02892
08363
07944
05553
00274
00639
02632
08058
04881
05571
02981
07758
06204
01868
08658
00069
04081
08090
05134
05307
01909
00350
05249
07861
02811
07992
00509
04888
08584
07791
00768
07312
00942
07238
00429
04202
03567
06012
02804
02465
02248
05580
01633
03866
01441
03215
00610
08973
03074
01608
05896
01396
01480
00170
05949
06720
07594
06149
00195
02393
06080
05888
05150
05006
06494
08062
08102
00107
08500
06915
01988
01355
07221
07488
05248
00950
00491
05400
07468
00144
01173
00626
08937
04744
06316
02551
01910
02526
08048
05208
03072
08310
03388
05875
06566
00277
02896
03192
06757
04404
07727
00109
06657
01306
01174
05495
08740
08598
03832
01553
04472
08986
05730
00507
05811
05377
04830
00508
08021
03144
02209
08797
07287
00366
05265
06401
05614
04141
00341
05786
01624
07228
00465
03094
00381
07904
04115
03033
08119
05011
01464
02523
03465
03736
03546
01832
05135
01479
01388
05275
06256
08802
01378
03002
08447
03685
03346
06070
00055
07583
03071
08512
07294
01984
01146
05932
01307
04772
08757
07926
06970
01005
02396
02498
06631
06030
05472
02413
02729
05174
01901
02627
05155
03020
04599
06295
01047
01727
03826
04879
03983
08739
04968
02212
02183
01738
06804
00801
00231
05659
05252
03141
01363
03205
04195
02407
04006
00839
00294
00468
04083
06774
08693
04677
04750
08180
00716
04403
04401
07241
01198
07859
07175
02678
01336
01671
03399
05913
00147
08912
03707
05087
06819
01149
01741
01186
07899
05699
02635
04519
06705
07978
05023
00830
03555
07885
04051
02000
07693
06209
07182
05801
00303
05075
03842
02380
05787
03403
01802
04903
02537
04872
00549
06989
01709
04299
06327
07145
08004
02104
04917
07452
05616
00675
06041
08303
06897
01338
06262
08994
02495
03904
02251
07135
07170
04698
03818
02659
01375
04915
01708
01235
04185
08067
06114
02254
04025
07565
07198
00745
01427
01649
05561
08809
08002
07137
08055
05683
04394
03857
08837
07837
05703
04027
07744
05682
05543
02403
05515
03387
02755
01490
04215
07785
01354
05994
02944
02550
02881
02450
06264
03185
01448
07068
08325
02131
04825
07707
03943
02798
05387
00416
04607
04145
08130
03558
03312
07474
01457
04320
04987
04020
02736
07006
07524
01141
00759
05173
02118
01775
02203
00093
07184
05113
07227
06063
04288
01118
06164
07295
08427
04155
06104
05923
00949
05211
05033
00098
04544
08246
05329
05828
04977
02989
03668
05523
03119
02822
05865
06037
02533
05003
01887
02601
05362
02051
01410
01112
03581
01283
07530
04821
06929
04832
07774
05427
07202
04054
03245
01760
06000
03959
02109
03003
06895
08767
03751
06304
06523
02456
01882
07477
07523
06630
07734
01340
08369
03913
02264
05970
06976
08698
08613
01678
06125
07075
01136
08885
03895
03405
00119
00998
05127
05931
07715
00448
07848
02296
03249
04256
01575
01401
03258
07513
00619
08332
04447
01821
05351
03908
03084
00742
