02755
01872
03456
05016
03772
06643
06351
04885
00351
08617
01310
08218
02339
03373
04247
02328
08915
02784
07582
03177
07522
02534
08895
04444
01007
03715
00630
04993
08139
00234
07956
08149
02652
08037
06623
01042
06817
01739
08441
01213
07578
03303
03036
01630
05743
07818
03845
03045
01963
02678
06648
05346
04951
04117
05900
04679
08701
01579
06957
04113
00217
03252
00547
07276
08016
04698
06918
06234
04916
06148
02364
04868
04134
05558
05985
04618
02104
01084
00465
08770
05361
02563
08805
07123
06280
00193
03459
08247
03334
02953
01123
03836
03651
04833
07150
08799
00509
06926
00398
04748
02741
00802
06553
01991
02304
00930
08162
05857
01458
03826
07408
00772
06230
03000
00167
07284
02921
08865
02802
04438
05023
00460
02073
02263
07445
02813
00437
07764
02680
04181
01624
04150
03179
06796
01386
06686
04188
07854
03954
01174
06939
06071
08638
08961
05460
02910
00111
07853
01701
04396
06905
06015
06127
00091
02029
06079
08278
06720
06176
08223
06192
04008
01070
01382
00729
06982
00807
04091
04826
00817
01367
07065
04674
02844
08737
04791
00824
03082
06916
06668
00093
08068
00865
04319
08349
00372
00078
07110
04924
05220
07290
05492
07610
04561
03480
07430
06868
02786
08301
02983
02432
06201
08013
05491
07009
07733
07111
04239
08686
02624
07465
07993
03592
01021
07130
00823
01489
01626
02180
00521
08160
00476
02468
07300
02814
02453
07268
08761
05298
08125
04697
00619
01684
01886
06531
01087
05326
02673
01889
06889
04285
01988
03813
00648
06857
04183
05764
04460
03302
08152
04659
00355
04614
08030
08206
05215
07372
02046
06716
06326
00124
06044
00861
06382
08739
01977
00502
05316
00940
05192
07660
06847
06843
00102
08700
07560
06535
07406
02790
03104
07118
00112
08851
06693
03577
02892
01556
01086
05464
01441
05852
05816
06517
02592
01727
08397
02099
04041
03996
05010
08905
01408
06374
04893
04179
02679
05264
03222
00335
03281
01522
05100
05949
05893
08480
06472
03243
03169
05544
01562
04072
07662
08396
00589
03460
04801
05291
02372
03776
00691
03554
06506
08690
00392
00318
07618
02992
01363
07479
03645
01652
04356
07243
08176
04364
04894
08635
06870
01457
03209
02216
02883
08077
05488
08547
04693
00120
08844
00595
07883
06486
05328
03511
02597
05639
03665
04479
07815
02080
00913
00993
06081
04645
05256
01606
08989
00602
02946
00224
01883
05072
00827
03347
03987
07697
02353
01187
07423
02791
00077
03384
03599
03230
08876
04384
07995
07543
01984
07619
07696
04080
07676
00635
02038
01832
02393
07986
03698
08014
07648
08562
08894
02026
06571
02848
01324
01865
05102
06226
04735
00031
04579
03444
06954
05960
07955
07851
03667
00641
05482
02629
03666
02236
03910
03080
05066
08679
05998
08049
05244
02495
03265
01822
08666
04300
01425
05637
00943
00010
08693
07864
08942
06437
00292
06613
03100
08174
01939
04644
05055
00889
08501
06155
06209
06669
02847
08177
00674
01539
08811
01717
08508
04506
00538
06567
05725
01440
06771
02949
07615
02956
02389
01252
02560
03112
01253
08863
01391
07034
08022
01259
04812
08959
03244
04196
02050
06659
00675
08261
02065
04309
07209
04749
02940
08018
08446
04521
05647
04800
06884
07991
05183
03501
04745
04958
08499
04943
05064
07374
01595
07849
05807
06459
05109
06075
07148
04652
08300
04510
08376
02036
08097
04999
01943
00020
01275
04514
03533
05401
05727
02780
02880
04156
06887
02087
05365
02482
02789
03936
05473
03356
08632
07253
07269
07298
08527
05597
07152
04413
04500
02809
01971
08255
02561
07528
06874
08502
04543
06182
07784
04445
04845
03078
08463
03748
02668
05497
07989
06824
06100
03707
08917
01046
02118
01001
00240
07711
06488
04483
04006
05141
00194
04594
05989
08691
00665
02022
07471
04323
08587
05312
00142
00965
00867
00517
06315
05004
01015
05158
03965
08860
04351
07476
05736
07574
05855
01828
05463
04602
05377
06647
06676
01365
03327
06575
05425
02801
00490
01000
06419
01773
07952
04714
01541
08696
08585
08647
04860
04795
07933
05605
00185
05889
01908
08453
05967
04219
01945
02284
05375
07557
02012
01615
02540
08677
04022
06424
04087
02645
07487
05014
06194
00849
05728
04761
02758
05837
08681
06124
02135
08872
07151
04281
04149
07710
02351
03939
06800
04017
01931
01558
01394
07395
06572
03395
00937
07375
08776
08621
05134
01385
04515
03397
01494
06368
01862
00119
00631
00257
00143
07967
01946
02120
04360
02303
04488
03002
00390
03128
03203
03924
02938
07004
04377
03469
02356
01744
00434
08814
06681
00435
05366
05814
08244
03300
03718
08282
04199
01646
07180
07873
08960
00881
00389
04577
05155
06285
06690
02532
08127
05677
02887
05984
04653
08338
03762
04027
04633
05174
08381
00177
02100
07838
08270
07539
06112
00361
05784
02314
00300
02932
00939
01413
00875
04874
01666
07122
02137
04918
06268
05402
07071
01493
06461
04212
00773
02433
02252
03880
06728
04732
03742
04025
06592
01099
02621
00526
08180
01372
05289
06813
01481
01967
08207
05247
07867
03727
06900
05888
00919
04755
04682
04385
08982
02152
00537
04503
02234
01863
03568
06205
02689
06809
02325
00874
07786
00621
06580
02891
02194
01189
08683
02055
01612
07237
08470
07486
00262
04512
05885
00910
01456
06037
02259
00957
08312
08772
08741
08055
01066
01525
06719
03535
06721
08522
02501
08918
03458
00452
06261
03084
03566
02414
01085
00986
05363
05849
02906
08457
08842
05568
01169
05369
01469
00059
07178
03152
01842
02988
03838
02401
08355
08131
04897
06680
07663
04601
04780
08395
03224
01214
02076
07192
04991
02738
08726
02516
08532
05974
00421
08578
08504
07624
00815
06812
05311
00358
01785
03958
02474
03927
03503
05506
01151
05788
08031
04221
06300
02086
03675
04057
01761
07293
06588
04686
07750
03047
08529
00223
00546
06342
05223
01655
05724
05227
02542
00909
05684
03603
08187
00886
00750
08661
00759
01549
06537
04105
04992
07822
07190
05630
00600
03832
04671
02406
00480
01644
03787
05461
06252
08029
04376
02156
06773
00106
03482
03282
06972
00776
00050
01424
01501
02773
02787
00997
04119
04440
08210
07478
02273
02007
07620
05824
01921
01103
05334
05844
06212
00150
06489
02068
06636
08526
00606
02701
08545
03440
05682
01418
05368
06950
06867
06925
01219
03591
07480
04365
05318
08141
08283
07545
02373
01487
08531
06410
05353
05586
04382
03505
06471
03131
07861
04034
05294
03865
04695
06244
03919
05741
04718
00793
00347
03363
00850
00949
04783
04743
05186
08672
07778
03290
02300
02555
06581
03031
07562
06909
05746
03938
01438
05001
03764
08012
02715
01088
07803
00178
07553
04367
04246
06570
08384
03172
01881
03728
08670
03136
04509
02729
06149
08484
00118
01891
04016
08605
08211
02352
08727
06005
02082
06685
02855
04102
02895
07793
01802
08828
04771
01751
03388
06706
05167
01873
01954
00676
08034
00017
05881
02538
01240
00450
04531
03974
07432
07947
03101
02056
08671
04970
00756
03557
06558
03062
03683
04956
01678
08631
07200
07770
03026
06414
08228
01664
04308
04001
08249
07904
07367
00922
05585
02041
00994
06010
04792
00693
04534
02896
06811
08156
06028
04931
07039
04299
07734
04799
04049
07785
00530
00679
00087
02768
06003
08100
01180
07224
08048
04976
02605
05191
04524
08856
00423
01048
03408
04597
06646
00505
07892
07492
00099
01198
07659
08274
06595
00325
05856
03032
01968
06458
05932
06502
08981
07356
00377
03466
03205
01660
05840
08736
00393
05616
00792
06042
06438
02549
06286
06979
08476
07715
03890
01476
03022
00852
03966
05909
08804
02461
08373
02943
08469
06317
03142
05441
08461
03708
01533
06752
08231
03606
06712
08222
01593
04733
04598
05162
08528
01912
04703
01109
03478
08061
07730
03732
06167
03767
05261
06024
07271
01052
06799
07756
07632
01120
04891
07425
00542
08515
06969
05299
05968
05673
03260
00367
04941
03021
06551
02798
04244
05966
01178
00623
06400
01034
03014
06666
07683
02386
06638
00384
02010
02382
00932
02418
06334
00034
02936
00953
02347
06367
04990
07046
04872
05295
00857
05600
00138
06654
07177
05469
04473
06191
06207
01172
01870
02681
06603
02478
05084
05098
01306
04546
00482
05790
08540
01226
07599
03255
01003
00340
06434
05185
03371
03504
03605
07155
00627
00916
02723
08351
08334
01261
06627
08608
07451
08824
02481
01750
05142
07444
06129
06598
06594
03484
06687
03887
05032
02497
00791
01794
02522
05485
02237
05532
01552
04555
07387
00622
07767
07114
05831
06235
02886
01193
07503
04687
06530
04032
02545
01250
03228
08809
01484
06989
01264
03295
00043
02914
06876
03690
03550
03270
08143
02719
03060
06882
07934
01076
00108
03649
04930
02521
03439
07343
04211
07214
04948
05965
02452
01656
02648
03067
07333
03297
06064
01544
04616
02184
05640
00726
01192
07175
02288
00555
03734
01453
01479
07382
08072
01339
08685
05701
06818
04849
00408
05468
00864
05944
05529
03903
04074
02407
07137
00574
07283
01755
03951
01915
02961
07388
04092
04226
04241
02182
07581
00056
08201
06462
03150
05127
00706
05818
01318
04841
03870
03601
04007
02354
07259
02619
03257
01390
07029
06389
00198
06269
06559
04565
04776
07278
03711
03941
08829
03420
08826
03760
01699
04620
06248
05319
07464
00252
03980
05819
05904
02666
04269
07612
06739
00991
06755
03130
03315
04406
01645
05340
01906
01565
08597
04430
04713
08577
00075
05976
02821
05874
04677
07498
07801
04152
06940
01291
07394
04085
08198
00276
02150
06189
07097
07250
02032
03784
01337
04368
08225
05782
00982
02329
03465
08472
02357
05794
06578
00153
04777
06552
01534
00971
06362
06431
06795
04397
05553
03018
04292
02335
07349
03531
04412
00985
05557
01111
00035
07045
07021
03536
08780
01296
04560
06877
01446
05093
08560
00483
01642
04086
03526
06195
02917
07134
06250
00352
03726
00654
01395
02370
06814
05447
07919
04896
06140
08041
03561
08847
05834
03884
04738
02005
02747
08096
07531
08831
01616
03141
05061
06328
06113
07162
08264
07323
02838
08431
01444
02113
01839
07823
04272
02923
05833
02161
05867
04197
03118
07275
01392
03573
07791
04234
07087
00363
08733
07263
08383
06577
05592
06420
01504
05607
03488
03108
06433
01168
02994
06033
05030
01431
00584
06928
06606
05050
02928
06174
06181
07407
07358
05480
01101
03797
03997
08093
05222
01236
03542
00144
05806
03340
04741
06119
03820
04118
04532
03307
08925
09000
02767
04129
01483
03916
08816
06996
01442
05322
00962
04421
03261
08557
07337
07310
01342
04305
05513
02337
05163
07701
01825
02683
08898
08007
07171
05418
00976
04744
01683
00572
06968
07842
01992
05576
04887
04209
04869
00814
01721
05721
05456
02260
05138
06917
02498
08735
00072
08419
03010
08873
07973
00339
04236
02520
06615
08002
05531
05465
06377
07080
08146
00903
03056
00008
07393
00620
03520
07289
00920
05170
06533
01354
00938
07700
06601
07061
04536
04526
08151
03195
05052
02868
00513
04978
07377
00011
02991
04919
07449
05584
00760
07788
04834
08707
01858
00545
02195
04058
02491
02043
05868
00066
08027
04557
06485
01167
02090
02599
05374
03291
06218
02367
00220
01681
08852
04062
07858
05481
05347
06243
07572
03994
05990
01488
08792
08534
08462
06469
06402
05070
06175
08850
03937
00931
03207
05188
08456
00586
06763
03950
08243
04987
02246
01781
07817
07571
07050
01973
07899
01667
02302
04723
03042
00725
01131
08492
01218
06284
06091
05453
04541
08299
07090
00426
06519
00186
03579
04261
07242
07352
03588
01623
07247
00226
04109
03722
01866
03682
03279
00533
01347
07194
08698
07745
01112
05012
06732
04544
07041
02765
01568
02588
00368
03744
06271
02640
01154
03962
01125
07306
02027
00094
08192
07530
02359
05119
06880
00173
00952
05352
05549
04125
02707
02837
01979
04035
07924
05943
01692
03524
02686
03986
06704
01210
05228
00866
01371
07775
01554
07910
01844
01575
06463
06122
03040
04381
07677
00689
00030
01230
08969
03812
07990
01543
00161
01532
04562
06695
08536
05037
06084
03867
05069
04227
01140
02489
04625
03775
03378
08703
02148
01465
01804
06474
01243
04350
03686
03442
02927
07668
06061
03611
02009
03280
08938
08678
02942
01985
07811
00461
07038
06260
01069
08356
06941
01848
07239
00788
04879
04132
05655
06002
05636
06658
03782
03886
00754
00328
04856
08266
05752
07938
05674
04245
00842
05952
05003
07719
06441
07638
05848
04425
08712
00560
05337
06984
00228
03096
08142
02248
00272
07426
06146
03842
01826
07389
03739
03396
07590
06188
02334
00996
05202
08290
01548
08729
07836
07556
04813
01396
04190
00148
01452
06974
03811
02757
06274
00127
02656
07103
04216
01227
03166
04906
07771
05338
08855
03246
06576
06102
00686
08550
01747
05152
02859
02628
06875
03960
02646
00887
06673
02908
04681
02115
07647
04369
04238
04270
07142
06142
00501
07782
01905
04276
01419
02424
02602
05919
01722
00908
05341
08849
00532
02309
00233
07164
07726
07880
02973
01035
08513
02202
00548
08598
04838
01478
06043
06169
05942
07739
04231
02515
07244
05742
02013
05518
03530
06180
05320
00117
07949
07709
08963
00668
08473
04631
07644
02140
00653
07169
08164
00219
05022
06241
03552
07604
00429
08977
05502
02885
01160
00024
08190
07705
07187
02820
05279
04455
03271
06705
01759
07587
03789
06661
07312
02954
08651
06923
00840
05106
01464
06482
03613
07617
02130
00145
06604
03689
01658
05924
07959
01019
06279
03176
06358
01207
04021
08623
05038
06063
05795
05164
08304
00171
08932
06178
01486
05232
00498
04147
05761
04717
03091
07328
05140
07702
03335
08518
05009
02759
07670
04024
07997
02945
00183
03394
07047
05992
04248
04694
04346
03860
03285
03537
01427
08150
08136
00987
07922
03737
00385
08483
07235
05344
04366
03192
02775
08807
01260
05133
04955
04912
01983
00431
05440
05489
02553
07019
04935
00672
06322
07401
08064
08102
08340
02764
02579
05131
04605
07359
00180
07988
00735
05978
01338
07792
04076
05801
05738
06147
01976
04643
04965
00282
00720
06038
06514
02374
03629
01793
04048
06363
07895
01314
07577
03630
07504
05276
08345
05290
02426
04232
04711
05823
06097
02593
01203
06512
01146
07698
05957
08756
05717
05437
03741
00009
01235
07149
03092
03024
00007
08569
07273
07274
07454
03853
04725
02990
03713
06411
08289
02429
03059
04037
08924
06840
03892
06801
06943
08420
02721
02057
00285
02128
07596
05415
05237
02528
01800
01878
08181
06361
06349
02350
03648
08347
08105
01472
03616
00097
07370
03655
03743
07972
04273
08326
00610
04266
02286
00900
05739
03855
06418
06490
02675
04664
06211
08361
04917
03902
04876
00243
06850
03369
00147
04680
05213
02124
01299
06390
03301
05614
01443
05915
03746
06618
03595
03339
07966
07018
01511
03133
03508
08275
00504
00649
00531
00753
02078
05062
00748
01625
05572
08510
04820
05602
02852
04172
03323
01852
08028
00414
04167
03806
07292
07631
03617
06491
03868
06445
01885
00594
03594
00692
04443
02609
05671
06267
05906
01814
05259
07146
07240
06574
01309
05551
03194
05101
05902
04191
04138
02548
07913
04478
07963
06596
03372
03221
02040
07976
04208
02396
08043
07840
05894
03825
03412
04068
06516
01097
00570
02388
06908
06999
07927
08870
08955
05903
08752
01162
03173
03358
04517
00181
08610
02771
05680
04525
05690
02662
01284
06878
02531
08813
06139
00751
00169
01423
04641
08630
05285
07816
05953
07885
04859
08919
00152
05253
03637
01351
05928
05578
00259
06709
04960
04650
02893
07679
05555
04997
02881
05869
08325
01141
03123
08506
00235
01329
01009
01023
00081
06841
07525
05762
08224
00337
04545
01332
05078
01682
03631
01797
04684
08318
08612
01788
04498
03430
02085
06144
03414
07296
08119
02711
01206
04793
06440
02465
05710
05514
04013
04111
06987
02705
04123
02070
04458
01791
02523
03376
04322
00343
03306
08280
07969
07699
00130
06451
02684
03199
03976
06797
04054
07007
05809
04453
02671
02610
05825
03679
04578
01711
04828
06298
03144
04414
07606
00246
04336
06439
03264
08965
03553
08675
02862
04846
08090
02830
05779
01913
03240
07093
05114
03187
04002
07069
02952
02816
00469
04964
04011
07136
00424
08169
01669
07678
06539
06863
03899
03025
08227
08571
06727
05860
03051
05172
04844
07692
06893
05081
02311
02129
05621
08137
07964
06066
05767
02169
02845
01067
07170
01965
03314
02651
04044
08451
08530
01807
04571
01056
01599
05190
08641
01274
05559
08581
04816
00762
01780
03034
08078
03808
05325
03847
04666
00765
05021
05067
02343
07201
01330
02091
08088
01896
06372
06257
07566
06670
01720
02131
03183
07597
06041
06493
02322
04836
01415
07998
02625
08867
02155
08760
05981
07805
06838
03710
04831
02225
07184
03879
05895
05972
03835
03343
04489
07141
03917
08742
05543
01849
07820
02299
00018
00315
02504
05309
04920
02803
07307
03756
05357
01782
08106
08491
02181
04895
00789
05269
07452
01094
01621
02011
08603
08766
06447
05249
02172
08783
02441
06035
01091
08964
02670
07982
03908
06568
02308
04387
07695
03540
04998
00179
02463
03990
01105
04678
05257
04972
07222
08673
07758
01951
07398
05451
04136
06848
01049
02778
04403
00804
00205
03635
06561
07086
06997
03494
00416
04040
07878
05236
02998
05808
01176
00983
00418
00196
05832
06246
05758
07928
05332
05443
08523
04222
03120
01597
03337
02604
04848
02874
02620
04973
08884
00946
02505
06232
02557
02889
06183
01060
05675
04316
05759
06395
08758
04535
01038
00972
02425
08561
02876
07912
04858
07403
05512
06998
00800
03273
07905
07879
00643
02394
05810
05651
04141
00924
02254
08273
08057
00883
05646
05546
05516
02239
06947
05669
07974
02083
02037
02967
03747
02285
03407
01184
06025
08722
03249
04106
06856
06272
08488
08302
03467
08911
08541
06383
05184
06023
07689
00271
00003
05706
07565
03827
05470
00492
08748
02783
03875
00404
00682
02265
06125
03117
02630
07412
05734
01364
07573
01799
03565
02750
05040
03245
08095
02185
00580
00258
07833
07753
07987
00554
07459
03673
05865
02223
05633
03948
00617
06089
05490
03202
05211
01778
01846
05103
00210
03321
00019
05241
04056
04213
04418
03404
04980
05615
07008
03512
02250
00799
01148
01428
07167
00391
05472
03266
06245
04870
03495
03684
04639
02903
08582
08900
04310
04617
06851
08507
06399
04629
02256
04294
08986
02114
05217
05049
01271
08354
00495
02196
06802
04434
04259
05214
03226
03627
05582
07602
04572
02058
03129
06027
03237
01409
01749
07975
07882
08939
04301
05861
00906
02564
07369
07138
07900
02591
08888
05826
07344
07642
06737
04968
05135
05603
08628
00293
05235
07502
08765
03840
06413
00330
00041
01246
06428
07841
05556
04933
08650
00273
01118
03598
08812
05999
05708
06911
06332
03532
05733
03777
01139
05382
07417
04311
02310
06293
07082
02832
07339
05574
04250
08094
08879
06994
03809
06655
00122
08092
08600
07384
02208
01223
07368
07316
02909
07075
02869
07519
06631
08551
05273
00596
01771
01763
08971
02084
00044
08590
07467
06107
01194
08234
02905
07128
02977
01130
00417
08387
08475
01012
07809
07129
01840
07506
00477
08259
01974
02095
03229
08171
05198
00708
01403
07351
06521
04282
05859
02402
04144
04538
02724
03904
08821
06907
08912
02410
04494
03805
07015
04817
04333
05850
00728
03125
08544
06616
00854
00457
08286
08929
00524
03705
04642
00848
06352
08277
07542
03957
06715
00294
05393
02672
04707
03883
03733
05593
06744
07936
03571
03507
04921
04228
03608
06464
08359
00717
05748
06866
08836
05056
03757
06664
01115
04314
08897
07291
05610
00163
07722
06548
08930
01381
00926
03071
08947
04137
05599
01776
08272
06301
07324
07166
01702
00851
00506
07297
07422
03940
01957
05355
08179
04502
03687
03851
08080
01335
08459
07561
03161
05886
08087
03578
08565
07320
01173
05570
00914
06432
04940
01030
07215
04373
07386
04341
08065
02270
06393
08997
08820
05144
01895
02539
02025
03421
02901
05086
01510
07649
07085
05370
08615
02748
04120
06630
03750
03807
03122
04945
01439
06775
00283
08035
05159
03614
06296
04613
01690
02962
04038
02061
02381
08104
05583
07143
08974
03441
06017
07837
06090
01956
07505
03158
02647
01695
00551
08749
05619
00062
08458
02541
03181
08215
07516
08313
02230
06416
08350
00911
08611
05644
02777
00369
08147
06657
07447
07483
01128
03435
05397
03888
00413
00310
02019
06062
06499
01808
07074
00722
02321
06518
02044
06692
03640
01959
03671
07669
05179
04923
06860
03283
02695
06008
05128
08099
03094
03298
02247
00425
04466
05567
05590
06835
01659
02110
00885
08132
01473
08575
05095
07365
00454
08118
04501
05248
08011
05386
05541
06881
08140
03148
02244
07755
02915
08620
04079
03662
02341
07431
07255
06511
03012
06991
00607
00493
02153
01157
05533
03464
05535
00266
04078
04911
04850
00646
06143
06455
03735
05225
02642
08449
02698
05890
02072
06335
07363
04178
00371
01676
05920
00981
07806
01004
08793
02706
07716
05372
03168
08432
07939
07066
03664
06766
02479
00557
02371
02916
06484
01191
08075
00168
04840
03137
02147
05310
02438
05406
03607
08553
00022
06165
05565
05123
04622
01100
08332
04491
08559
00761
05153
03839
00712
00172
01499
00204
08777
05444
04296
01340
08656
00263
02740
08425
02390
05668
07210
04124
05745
04482
02533
05254
00598
06922
05314
02268
00880
07016
08110
05797
07364
02274
08124
05117
00270
07413
05652
03956
05791
02796
05699
06825
01152
01818
05121
06767
01346
05296
07443
02292
07914
06782
06597
07515
00125
03988
04050
04809
02398
05613
02064
00383
03981
01143
04737
03656
04145
01054
02192
08730
02331
02858
00068
04907
03930
03438
07751
03423
05649
05218
02253
05927
02926
05935
03461
01730
02052
03077
06108
04740
08669
04252
02278
05702
03522
05417
00015
08471
05631
08859
02360
06264
04751
05528
01071
03911
05951
04291
02810
01113
00115
06891
01708
07651
01410
01812
07040
05623
04064
04762
02439
04658
03632
04051
08103
05854
08988
00348
00349
07256
07011
07446
02769
03766
01790
08081
02834
07032
05336
02241
07491
07586
00484
08490
06336
03922
03352
08113
06016
07773
08365
05477
07440
05638
08751
01248
04989
00136
00980
05330
08838
02981
06052
08602
02710
01166
05112
08368
07115
05552
07051
05124
01170
05732
08052
05730
00973
05650
05292
01432
03518
00716
03256
03475
02494
01609
06407
02233
05433
00001
00718
01601
03857
05494
03377
03197
05862
07588
04187
07992
08178
02649
04205
03765
04103
07357
06842
00569
02731
01369
02213
06932
03905
05182
05399
00280
03644
02574
06014
07014
08692
03364
06713
05110
05661
03443
08238
06254
05713
00701
02931
04202
00519
08333
01629
06986
04752
06787
00825
08825
00245
07829
01706
00448
04938
00269
02330
07802
02473
05707
00611
06895
07193
05238
02736
08580
06344
06265
06449
03798
06605
07616
02739
03102
06292
05971
01416
00515
04375
00002
08596
00201
06408
03079
05975
07098
02220
03223
08402
06702
08335
01116
01647
05431
06318
02405
04900
08189
06166
06092
02116
08535
05025
08328
02737
01153
00049
01051
08626
01032
04166
08205
01182
02654
05137
04162
03483
01276
05408
08629
03583
02362
02691
07558
06340
01874
03178
02986
04564
01375
02397
01016
05435
00496
02226
01815
01830
01769
02227
08500
02102
04974
08990
02193
02093
07536
06622
03383
04880
06792
04905
02824
08230
08980
00440
06094
06793
04135
02800
00690
02125
01164
06935
04071
07652
01901
00723
04358
07532
01803
07053
02835
03033
03745
03359
05751
04857
08054
02486
07774
00239
01047
01286
00052
02794
00427
08823
02616
01801
03593
04439
00444
02904
02626
00522
00553
01136
03850
06789
06543
02985
00214
08433
04151
03258
04722
00702
07962
04485
06858
05929
01512
00211
04345
07251
07844
00721
07814
03211
03160
03515
01526
08505
04719
04554
06120
03889
07157
08589
07948
04355
06177
04881
03534
02692
06289
08017
08998
03586
08525
00743
04448
08372
02717
06000
07857
04994
01269
04662
04636
06550
07902
06890
03331
06892
07665
08570
07953
05474
02714
05420
06665
04808
08019
07508
03065
00935
01430
04088
07761
08000
03730
07666
07468
06446
01596
00597
08039
05918
08217
08972
00565
06953
04608
01228
06815
05994
07884
04198
08329
01188
06283
08260
05246
01137
07272
06021
06163
04563
02507
08512
01135
04580
08943
06295
02018
06039
08391
04189
01450
01746
05421
03582
08746
00670
03498
08639
01643
02415
06971
05769
08023
02170
02437
08209
04766
03834
08945
03709
02269
00744
05197
08880
01987
01542
05383
00298
06054
07881
04807
02948
06978
07234
03232
05820
08991
04012
07165
04660
00445
01352
03803
05307
01374
02111
00912
06754
00242
07622
07127
02003
03115
03448
05493
00200
04942
01581
05880
00787
03218
00822
02984
08298
06114
01742
05396
06513
03355
05687
00734
04584
07030
00370
00713
07690
06711
02365
02472
05409
01156
03575
06104
04329
07628
06973
06738
00899
02581
07629
05740
06303
01831
06640
05573
06406
03844
03946
03382
05371
04829
01934
05180
01743
04619
05731
02409
06510
01588
00470
06046
00107
06070
04018
07978
00683
08319
02089
02925
06639
06388
05300
07526
07411
02079
05342
08173
06930
03113
04802
07246
08294
04416
06206
00573
02320
05450
03486
01592
04768
06781
06273
00046
00960
07163
03792
01603
04937
02447
00779
00140
04324
03925
04586
02123
02856
02622
03213
08009
03140
00508
06307
01620
03874
08567
01713
05511
07916
05982
08067
08098
01029
00775
00027
02475
02890
03570
08242
00613
08743
04161
07850
03165
07373
07028
06494
08682
02048
03432
03239
08834
07096
05284
08322
00449
03450
00543
04656
07601
00614
03723
03774
04790
01251
06919
01237
08159
06425
05588
00004
01065
01774
08665
04621
08285
04604
03953
02964
08916
02615
01694
06128
07099
04157
08878
05139
07876
01434
04528
08720
06409
02589
03317
05045
04753
03926
01437
00592
05715
05940
05564
06392
07552
06945
01505
04330
04914
01899
05053
08941
01563
06401
07825
01312
02685
01737
05234
06777
01242
07037
02177
05987
06282
00045
01805
01997
06231
05778
04283
03292
02704
03206
08388
02042
01516
03132
07076
00984
00905
05536
08791
04979
06313
06132
06203
02623
02872
07052
00291
03447
05405
04778
07706
02727
06161
00514
03422
01282
05204
08213
05858
05606
03180
02294
05104
06869
00577
08625
02385
01270
04210
03103
06233
04133
06634
06266
04237
08417
08138
04400
08112
06853
02282
03657
05681
07231
00736
06724
04407
00021
05827
03914
04661
02853
07667
02449
04405
08768
04195
00085
02301
01635
07538
07418
04429
02999
07592
01767
06734
03201
07720
04067
05251
03046
00312
08130
07777
07871
00603
06778
07332
06505
07228
06883
06902
08042
04986
03543
02160
03220
08074
07634
03773
07420
05958
04014
07931
00141
05107
08036
03023
05321
07640
04888
02744
05596
01053
01719
06302
00430
06385
03893
05282
00664
07049
05429
01239
04339
00961
04315
05821
00406
00709
01204
07920
04936
05005
04756
05901
04915
04143
00678
03898
06600
06990
00302
00365
01119
04934
01806
02316
08310
06088
04235
02319
03157
01821
04352
01538
03978
01072
01890
07494
02503
04026
05271
01138
06610
04760
01602
00324
07211
07453
04946
08168
03955
06585
02565
05520
06699
06970
00209
03674
02024
04441
06747
05714
04925
01853
06936
00870
01222
06278
03781
04530
01841
04770
07826
07252
06836
05059
04595
04249
06743
07144
01998
03691
00894
02818
01061
00098
01384
04169
01638
03567
08803
01637
07559
00578
08999
08393
00859
02198
08214
00207
05301
07350
06160
08993
08953
00544
06311
01349
07759
03198
04359
04128
00455
03029
07458
02650
02305
00092
03549
06065
04726
00512
01674
05664
03804
04626
01670
04731
03701
05260
08089
07868
02608
05997
08122
07796
08539
08697
02209
08044
05006
06774
04477
01283
04867
03714
04165
05947
08949
05667
07042
03544
00053
05413
01209
03336
03912
00256
04665
05632
07518
03848
07355
06612
01827
05187
07340
07580
06903
00818
05354
01775
06309
02989
05763
03147
03624
06412
00080
03075
08091
08606
00394
07729
03499
02459
05843
04435
00254
00134
00549
06946
06133
06714
07484
08271
02436
06751
02290
06938
00755
00231
07378
08426
04306
07907
04700
05662
01411
01634
05160
03650
07863
08404
03702
04075
02206
00381
06275
00858
03391
08305
03287
00350
04029
01531
07329
01766
04065
06624
07025
08316
03319
03402
08370
08517
00129
05839
06831
01729
03186
05073
01355
01277
08769
02480
04877
08868
07102
02970
07338
07940
06931
04712
05404
01964
03676
00192
08655
08315
05601
00411
04971
08070
01451
01877
05278
08728
07281
08495
08704
01373
05208
01449
05395
08885
04297
00208
00625
05203
08033
07951
01580
02933
00576
07674
00624
08684
03528
07517
03233
08591
07633
02965
03288
08436
03135
08410
05384
01856
02781
05058
04520
08296
08252
03127
02804
07918
02451
01018
05400
03736
08400
00703
04866
01037
00918
01480
00387
01011
03621
01834
03463
08489
05560
05866
08857
00023
02552
08196
00322
05689
02971
07402
03050
07954
04909
07760
07203
06320
03068
02554
05126
05113
04083
04600
04053
06590
04230
00992
01447
01668
05911
08163
01952
01909
03083
03618
07020
03111
00346
05042
02262
05504
04386
00463
04121
07033
03085
05378
06347
02189
04000
01975
00768
02817
01712
01393
05696
01718
01894
05339
01986
03716
04139
01661
08405
01092
07855
00055
05270
08827
08295
00655
03013
04081
02378
07886
07795
06185
08644
04415
04312
05580
04427
07766
02746
05033
02199
03828
04607
04529
02873
04953
00206
07551
04462
01368
08708
06421
05381
08913
02527
02676
08922
03016
07570
06319
07691
03489
01293
01514
00801
03991
00963
05376
03398
08406
03330
02034
07957
07821
07067
02127
02566
05711
04734
08268
05931
07463
02543
03995
05414
04758
00090
06444
04623
07941
02176
03425
05624
00029
03316
01537
04254
01567
06051
02598
03843
08901
05308
01258
03350
06199
06426
05686
07280
03752
00334
00626
02633
08494
04672
02508
04983
05540
05524
01772
00131
06305
02935
00395
08554
08654
03625
06228
02547
04446
01008
00694
05883
01628
01106
08024
02578
05672
01435
06074
01937
00784
07379
04779
08308
00599
06034
07693
06263
00636
04257
05803
07094
02266
03519
05467
05209
05122
02811
07198
04398
07227
06457
07081
05612
07961
00013
04750
04277
00663
04200
03241
08744
02430
08680
02166
01356
08123
02448
04663
05780
04260
03481
05891
01950
02968
08706
06924
02428
00301
05685
04739
07334
04796
02387
04185
00265
00415
00618
08082
04009
04688
07000
00281
08045
07684
06703
03487
04423
03609
03468
00950
06306
08153
02742
02094
01662
02006
00006
08601
05047
02327
02559
05625
00566
03275
06542
01421
04769
00803
05111
07547
06607
01063
00342
00591
05548
03849
08253
06036
04589
04721
08221
05486
07512
01540
08288
01893
05798
05654
02435
04832
05466
03920
06047
02572
06977
04827
07813
07929
06095
03581
06134
01632
07843
03267
00612
06556
03646
08256
01036
01455
08115
01238
08721
01777
05561
03341
08197
03452
08051
05641
05964
05068
06495
06208
08634
02785
01397
02779
00473
03216
05230
07206
00955
00575
06507
05335
08833
07605
00491
01809
04442
00033
02261
04274
06391
02493
06829
04730
00536
00700
00582
06276
02442
03318
07119
04576
06229
02200
03663
04899
08934
00323
04411
08599
04253
06810
06190
02106
02699
00757
01096
06740
03506
03451
07186
05828
01910
05302
08108
04728
08893
00441
00397
01715
02243
02712
04186
01520
06215
00925
03253
00307
04402
04862
06111
04655
08241
03647
06759
04031
02585
06961
03219
02808
00739
00601
06072
08948
04476
01917
04949
06619
03170
01179
03212
03754
01633
01460
07427
07139
02969
06498
07062
00806
02636
04122
08382
01202
03163
06949
06583
06805
01485
05802
07266
01165
05628
05617
06765
03419
08907
07433
04432
02446
07925
02911
08801
01292
04168
08363
05571
08579
04890
02525
06899
08235
01993
08520
00860
03968
05522
00714
02774
06828
07898
07287
04015
01217
02201
07448
02577
01083
06798
02098
06099
04691
03426
00813
04280
01041
05789
05771
05212
05594
06933
08254
00685
07303
08983
06467
08920
05026
01389
08914
03620
04558
06547
06053
01482
02732
05036
07797
07176
01962
00382
04343
01928
03048
06384
06508
06914
02793
00070
00808
03457
01108
08775
01847
08262
08369
08386
03086
06430
04264
01535
01551
05507
04468
07437
00422
08796
07147
02882
00749
08059
05563
02930
04855
02228
08493
05678
03310
01614
08390
01150
08970
01687
02902
00132
05427
01006
08323
01907
04090
06644
01307
08232
03731
03678
00156
04450
01040
02839
06197
06060
07703
02569
05239
00696
05510
08952
03596
01585
01159
03492
08950
08740
06365
01936
02850
03393
05692
01336
04969
03455
05145
06807
05065
00673
04204
03642
06803
04030
07220
04873
01322
00176
00100
04318
04223
08362
01082
02947
01966
02580
08155
05015
01245
04668
02384
00286
04469
08474
03724
08840
05348
06525
06032
08886
02033
06479
00633
01605
05390
06904
00155
07429
05080
06662
03153
04815
05735
02863
07473
08940
03087
06620
03758
06186
05226
07779
04089
05449
03738
00388
06345
03485
01057
00345
02258
08509
04471
03409
05922
08364
08542
00158
03589
02627
08428
00783
07056
08645
00836
02264
05755
06101
05161
06172
01014
06564
03862
07107
01725
06465
07926
00563
01675
08421
02445
05028
08586
04928
04378
06354
08375
04551
03894
01570
03126
03453
03891
00915
07529
02641
00771
04055
03357
05367
07282
03796
00443
02734
01387
03058
02511
01345
06536
06549
04954
08191
06563
06769
02443
01734
01923
03970
05205
08979
01344
02204
00497
01089
01145
07584
08908
03069
06855
08407
06210
01313
07958
01523
05988
03462
01212
03053
05754
01050
01843
08709
06357
01529
01851
00305
07400
03362
08725
01693
07277
02663
04810
03984
05011
06861
03037
06077
06040
01362
08415
07812
04952
06333
06862
05569
05478
01090
06834
00048
06873
01278
03360
01265
03145
05598
02730
05800
02136
02575
07848
03768
04611
02871
04457
00113
00327
07161
02053
01972
08339
07415
08921
03190
02345
08109
04819
06356
07501
07345
00684
03138
05587
01703
04066
05718
08524
02667
00321
01078
04654
05830
01126
05024
00902
06694
03429
05698
07232
04570
02002
08188
01990
01285
00794
03491
05786
02157
06179
03786
01618
05029
04929
07718
03822
03859
00032
04357
08594
07058
04116
07405
08714
04552
08379
04864
07520
06213
02536
08279
07915
02530
07441
06262
02659
04303
06173
02751
02186
05196
06004
00942
06698
08040
04786
07654
01147
01068
00568
00227
04782
07524
00028
06085
01583
02476
04709
07392
02756
07768
02035
03626
03098
01882
06386
02878
08658
05423
05772
00778
01724
07653
04220
07787
02510
04823
07397
01249
05219
06652
07314
02772
04883
02368
06007
00244
01247
00845
02400
04146
04207
01798
04690
08928
08984
02379
08806
02590
05394
00928
08715
07862
04892
07943
04328
05452
08774
08923
02614
06827
06671
00442
08418
06966
04492
06955
03725
08896
01379
02122
07095
03861
03560
07089
02145
03932
00923
03304
04361
02836
01829
00095
04590
06822
03998
07728
07564
01171
00798
05620
05358
07195
07645
04847
05380
00488
03700
04170
00096
07968
05115
03268
07466
04763
06718
00927
07960
05258
00774
00197
02812
08978
07488
04426
05031
02112
06965
02570
06427
00016
00287
03802
05457
00853
00959
08079
08497
05207
03841
04192
04575
03416
08307
06012
06316
06057
07380
05757
08798
06617
07890
02805
03720
01281
01459
04431
05898
02298
03424
04173
06450
06562
01671
03795
03780
08185
02703
08927
06832
03437
07639
05643
01813
07603
08882
00067
04164
06964
07874
08200
08705
06497
06338
05324
03001
08385
03697
02743
03479
04646
04408
06844
00995
08903
02693
00215
02922
01892
03390
06476
00419
01471
07579
06625
07727
04583
05537
06009
02687
08060
04298
03602
04670
05781
02163
05156
05475
04767
00060
01426
08450
01679
02440
03250
04759
04424
04107
00475
00561
01816
08572
08762
01027
05331
06109
06308
01613
05242
07060
07687
05454
07064
06599
01710
03200
08711
06157
08371
08172
07523
03041
05700
02753
05666
00590
06584
05398
02167
00248
03477
07154
03600
02894
02762
06359
08784
06164
02276
06483
06240
02358
05245
07450
01002
07048
04593
02462
01555
06912
06466
06609
00082
07326
04243
07594
08973
00634
01256
06154
02963
01735
00571
06910
02562
04886
03717
08767
01949
06310
08747
02833
06219
06780
03876
08755
07270
00797
06748
00837
03109
02716
08236
01039
07891
04702
04097
08556
08810
08659
06756
08020
03418
05941
07704
05753
04447
02217
01124
08648
02506
01860
08032
01398
04497
03175
05838
04159
04835
07682
07527
05765
06110
04275
03869
06481
03417
06929
01098
01290
06429
06217
01978
07749
05020
08306
08460
07735
04175
06287
04913
01272
08689
05945
08287
02857
06237
07600
01122
03538
04588
05079
05280
07158
06239
02823
02807
00364
02635
03652
00296
06726
02336
01519
03863
01898
00303
01201
00811
02457
04696
05173
04452
08899
05255
01783
02957
06170
04193
07174
06980
03326
03254
03368
04609
02096
08183
04171
07535
00872
06397
01627
00251
03871
04961
01657
02898
05618
02004
04505
00974
05635
06602
03934
05000
07583
05591
05306
03615
02934
01195
04871
08344
02071
03668
00135
03541
06901
07182
03379
08853
01215
01263
06566
00871
07036
06394
06608
07059
05483
06700
04634
05476
05108
01359
01497
08745
01062
00680
01461
04155
06761
07568
03604
06785
04716
06593
07752
03935
02332
06821
06995
03403
04004
01224
05379
06735
03872
06526
00969
06238
04463
06136
07513
08263
02822
08622
08107
07106
03274
05392
00975
03993
01289
01838
04325
02825
00374
07257
08416
01308
01503
05776
06314
02413
04533
07428
00126
04077
04699
02132
04511
04126
01044
03983
08663
06068
07591
05679
08320
08050
07421
01999
01380
07593
00456
02960
01043
05484
01927
03513
03011
05851
03332
02496
02661
06707
08763
07391
07950
01026
01262
03089
02466
03896
08346
03989
01536
07361
06820
01358
01576
07183
08832
05199
00459
01787
03587
03895
02342
05822
06760
02375
03979
05914
05428
06691
04158
01361
00936
01075
03823
03969
01573
02175
02218
02376
05722
07946
04569
01311
05842
05125
01005
01989
03510
00275
03942
01402
01835
04811
02658
04566
04967
08008
07117
00558
01932
01653
04293
04884
00184
07932
05071
02211
03556
05147
03790
05151
06894
01640
05075
06204
01328
03149
04910
00795
00780
07507
03977
02028
05412
06587
06959
03572
03286
02162
08618
04701
08414
02215
05986
02500
04764
06098
02454
01377
05136
05391
04459
03973
04568
06353
04332
06503
06370
02861
04657
01244
01316
00605
04901
00821
06396
02108
05973
07132
04853
08184
03354
06256
01600
06770
00967
04638
00412
02271
07971
08858
06886
01370
01686
04839
05458
05043
04229
00878
04612
08001
04465
01500
04727
04256
08954
01304
06375
00162
02317
03009
00769
08167
00279
05871
07762
03413
08076
03171
07537
04615
06757
03278
08438
08891
00652
00216
03493
04099
07319
05716
06096
00297
07613
06951
00989
02722
01475
08904
00523
01317
06717
04288
00212
07063
08465
03810
06277
05991
02154
04628
08781
06312
02735
03333
02851
08133
06660
08360
00309
06667
07301
05181
08321
01757
01754
08004
01904
05575
06742
08380
03856
07435
06710
04380
01994
02077
00466
00354
06417
06976
04242
07875
02674
05446
02203
00264
06078
06768
03837
05046
07113
05087
05434
04353
01055
00550
01929
07569
04490
04720
00222
00656
04785
03794
07012
05333
06423
08437
00647
01617
08276
06369
03913
07635
00877
06299
04667
07341
03779
06913
00896
04705
01914
03139
03661
04061
07381
00970
07970
05704
00247
07434
08291
04302
00812
03215
08482
08126
01663
05629
07474
06948
05019
02312
07315
04063
08324
08676
03866
03873
05933
02062
02109
00732
01232
02348
00540
02982
07126
02752
07832
08738
03509
06055
07808
01315
00089
04304
02815
02544
03039
08734
03612
00232
05515
06688
04391
05538
03963
08058
04101
02959
05168
07108
02875
03971
08794
01953
08182
06872
07416
04747
07671
08317
02210
07482
04348
05349
03821
05195
00704
05562
06952
04201
05622
08624
00464
07794
05275
02524
00277
07003
00830
01360
03659
03236
06975
04676
04042
02267
01025
02287
07994
07023
08613
00567
04627
06733
07241
08452
06346
04603
00410
07846
04069
03367
07897
00159
01545
06565
06496
02761
04255
08186
01836
07783
07608
08778
08790
05542
03496
03755
06339
08389
07083
05221
08429
08552
05407
02576
04898
03366
00149
05178
03778
02107
06642
02069
08753
06697
07353
02249
04715
04784
02164
07630
03035
03006
05403
08877
02419
01448
00373
08403
00671
02313
05884
00366
02888
00114
08199
07894
07285
08311
06621
07216
01639
03134
05554
02047
01467
01560
06677
02913
03476
03434
00796
06366
08702
05459
04774
07877
07493
08071
03712
08233
03204
06435
02030
00999
03814
04765
07196
06788
08148
08668
03918
08378
06746
07937
00828
01412
05263
08839
08944
06159
04803
02092
03749
08511
01650
08848
01716
03882
08564
00697
01958
06123
01916
03819
07765
08006
05252
02499
08566
07856
05389
02014
01492
01506
04174
08757
03619
07172
05796
01636
08056
01302
05897
07140
07354
06538
04390
01059
03386
00862
08890
01107
08464
05077
07456
07419
04327
00835
03351
07827
05430
04154
05419
07643
03312
01200
07830
04825
01960
05266
07116
00400
04374
05934
06171
06845
02587
04114
02708
06131
02297
02879
00944
00884
04140
04467
04389
05756
07852
04596
01961
08574
01888
06635
07746
04472
03038
07510
06156
06544
00895
02846
04843
02483
01161
06048
06452
02295
08367
04537
00977
08424
02296
05090
00688
06135
02404
04781
04996
01591
07500
03110
04045
06985
02854
01765
04927
02277
06656
06992
00964
05044
06022
02664
00063
03694
06103
04932
04746
00313
08664
00510
02232
05007
05525
01587
01466
00314
02464
03121
05604
04959
06591
00468
03030
03162
07399
05200
03427
02997
02119
00831
07490
08795
03854
04194
08220
05143
03294
06632
00356
00261
04176
08926
07236
01400
08633
05359
05665
04100
05805
07313
01297
04240
07694
03490
00534
03721
02613
02603
02088
02677
01420
06227
05777
08047
03961
07295
00166
01940
05882
08240
04177
08568
04265
06321
03214
00225
07575
04481
03184
03527
04023
04814
00012
05749
04542
07376
02638
04203
07935
00037
04922
04540
02583
04818
06849
04550
00585
07181
08906
01880
08120
02023
04437
03685
02682
03007
05813
08331
03095
06557
02133
01736
08309
01080
04279
05566
07286
07903
08478
07721
02280
03545
03801
01406
01241
06649
07798
00988
03072
05969
08646
00203
05410
03262
01417
03154
06137
04797
04036
00945
06325
04267
00405
06477
03196
05517
04317
04592
00758
02754
02456
07112
01709
07598
08481
02631
00360
02421
05775
01301
02458
04180
07279
07262
01546
03660
00941
06573
03793
00951
04052
05471
06645
07896
03338
08933
00336
02039
07908
08053
00562
03208
08161
08710
01698
02484
01919
02183
08468
05097
02657
01133
03325
08165
00079
08627
07001
02632
04582
04093
05627
06819
03399
07780
06586
06504
05703
02611
05099
08121
07475
02171
00174
03999
03949
03093
01429
03633
05523
05896
05921
04486
03881
08968
06404
05645
04547
02344
05297
00451
07124
04539
07999
06443
08875
03564
05913
02551
00047
03470
02919
01325
06776
05229
03628
02306
01770
04320
08573
08427
07302
07342
01982
04470
00979
05609
01208
01589
00237
03277
01132
04225
04059
06628
00316
01726
04347
08144
08619
01445
07135
00556
00317
00746
05659
07889
00677
08881
07321
07230
08069
06403
00332
03374
05719
00065
05039
06270
07497
06253
06527
06259
05804
06651
03672
02291
03551
01144
00583
02870
04003
06470
04422
02369
04729
08614
07585
02995
05008
01254
01607
02782
08170
08003
03107
04464
01590
07546
00489
02361
05864
03816
04337
03753
01850
03346
04127
00507
00409
06492
00157
06663
06448
04757
05041
01508
04851
04926
06783
08910
08330
06153
06011
01672
03639
04214
07160
00071
00221
04493
06804
04215
08958
00396
06019
01796
04334
01924
07713
00057
00782
03329
07627
00593
08584
03043
04513
01117
08549
02338
08716
05878
06327
03342
07455
08773
03830
02257
05462
07055
07223
05905
07509
05688
05579
07002
08265
00121
05611
03004
01022
05385
04573
01697
05766
04218
00737
07017
07980
00841
06222
01287
01463
04338
07589
07481
05505
05002
05130
00559
04268
08687
01604
07331
02573
08694
00921
06031
00651
01762
02975
06331
08808
00785
04095
08114
03259
01513
06029
04651
06478
06833
07740
00898
03959
08871
06473
02212
03569
00699
06582
04349
02066
06117
07869
00076
01789
02655
08995
05534
